62360
43829
65481
13783
12739
22197
909
14477
48438
26044
56120
26197
1292
27643
20854
31751
37540
29201
4031
47352
36320
48547
42997
51246
23847
27456
3989
63937
37517
5178
63034
10515
46974
6987
17165
2240
58352
25179
48276
61714
22643
21019
11751
31913
45465
42105
8485
12465
26800
40928
8255
31915
28420
36885
2447
17748
56697
51722
58187
52182
55191
15543
15835
53599
47460
21065
6625
56787
44539
46206
61200
6541
37185
55274
10828
2417
5135
64160
45969
63606
15679
18073
6580
57350
37460
32571
36438
19950
31840
37923
51609
43152
58301
12179
28463
1091
29384
911
28488
21549
30745
33537
27696
9734
63176
36669
22462
40457
56061
53961
62885
63132
8681
62699
56769
37583
7296
23626
59072
28993
15482
40425
14412
53172
2447
23927
31115
26530
20030
11430
42405
33242
54598
19158
24692
39310
48278
12584
29545
2093
41818
31789
47543
47194
16477
13301
42102
43048
37875
13762
44821
37206
1735
24719
50011
63273
52832
33691
22309
36876
8437
32133
31184
16167
6315
555
17465
13164
22016
50481
64695
32784
12208
21294
16288
7768
42812
9729
49546
11984
55826
41461
50301
26956
26973
13272
60119
12588
46996
41309
26518
22474
23442
12255
58101
63313
36779
56147
28328
28325
29469
15899
22118
30844
62370
1326
55694
27147
56005
21052
63642
31425
58068
56430
39605
10626
60817
27591
55013
20977
65053
9664
46105
3276
10677
19608
43158
43670
7534
56551
53784
50678
28167
929
5633
3955
44211
60363
50430
61354
22432
4356
923
35745
17054
55597
28402
54369
53473
8677
11669
64257
26252
15124
57188
6718
26368
14139
59100
35750
11109
15922
1015
30544
60053
48058
51854
62067
40328
23716
22598
46065
41509
10723
44553
45693
6748
29638
834
62251
33868
1538
26018
32756
9726
32791
21372
15755
7988
32419
7415
42669
8655
21927
1418
4841
63417
55473
4449
24709
13631
46500
5284
32348
23198
279
11808
44777
49719
29953
19812
20889
41174
41592
33520
59799
58266
16618
37482
11287
48199
25758
54514
14935
6168
24300
14147
43673
56015
35409
20495
5615
4899
11239
5665
37526
34093
48335
2747
61770
42624
34896
187
46557
32763
14666
46102
947
42516
27846
34714
36509
63120
26343
17043
9248
43111
50903
57178
33965
48354
12128
3377
14385
25263
28538
42068
63248
18820
39984
46633
29995
27841
1971
47286
43889
19032
59024
3558
2767
50104
23262
30817
753
45030
19964
24434
50337
65321
6222
22709
11639
40594
64150
13000
7437
32687
24205
51673
47605
160
57296
51993
11333
28869
33314
2131
27783
50081
21341
27779
60650
59477
58434
44278
11247
42537
3496
45104
15236
32385
60016
27968
11706
48661
10058
61826
5835
24493
35846
39237
47674
50100
45232
464
38106
43483
1829
54849
18428
46583
48880
33660
33104
53449
61388
50508
43389
29161
64741
18019
62474
4361
1882
12303
31650
48797
36223
4173
9538
7206
19238
48917
27252
20177
42167
63769
34163
37873
61805
56355
43526
42913
56538
18004
39174
5932
17390
55503
1856
5563
48341
17593
6391
53013
40106
30580
17914
32309
55044
9457
9988
21558
4703
6484
21671
50582
15844
21445
58105
24896
52755
50771
63433
14050
2322
16088
38897
39689
49173
50159
58221
9784
37845
30765
40152
63090
45601
32505
334
30905
4526
14966
19104
21487
35293
8049
41316
36508
49063
44039
57399
51051
24383
15428
64575
27373
27790
46989
31459
49636
9051
29194
9984
63992
1905
17191
18553
31233
20726
2117
27458
23330
6293
36608
7724
38968
12858
1606
2794
16354
42557
64003
36251
38510
10826
11206
4581
27998
39320
48627
19778
63819
24687
55479
65487
32180
39842
38083
60348
1998
51685
43924
47741
1605
5456
3033
6757
57871
1205
58925
54112
43664
56216
38976
27269
56668
54179
4148
41442
57909
55987
6596
62258
28652
46747
64619
47610
63742
58959
23783
12622
34110
49971
37650
44013
7239
25430
31672
12768
20080
16829
29302
61911
37193
64692
10491
10356
13043
17325
20669
15181
30266
41745
62763
56726
48492
36471
6922
39767
22645
39556
50701
12203
44705
48902
25330
27747
39158
51998
58469
53693
51207
53684
57475
36708
1303
47721
60642
50213
23916
39649
32127
39306
5817
42136
3420
40176
54922
47220
56240
61445
29122
44011
38019
64039
62269
45646
40013
34610
45185
44582
41504
37697
47547
12215
37775
30258
51755
25589
37422
20639
62244
63016
20166
17017
43301
48422
15285
50159
39965
35547
4962
13565
9003
15421
63246
15045
36809
31141
44615
56792
44221
41649
60261
56803
23110
46895
27084
19255
34079
16976
5200
26209
44546
33449
39972
46006
64383
12627
48392
28264
30709
34040
4548
28344
22435
4882
11806
4108
22905
14442
62263
15998
17033
54684
32520
5856
27035
55486
27655
4676
63614
12189
40649
701
53856
60895
10056
46158
39982
26979
52718
4659
7196
45802
12903
19406
60036
20866
47893
33167
36711
21261
39883
8321
37190
21296
2599
38590
20565
44647
3798
44450
30112
33447
21348
48683
29604
39291
6292
18281
17376
2318
65532
29771
59765
54030
7399
61862
32725
49981
30852
46597
37537
64408
2428
21775
56730
39780
65003
11752
12897
57260
33191
57807
17825
54454
9846
43598
55868
25677
59624
12565
6010
42010
56360
64710
54009
24017
44485
22044
58542
45452
46479
50235
449
29572
57829
45357
28947
3781
10057
23493
59389
20194
63800
35113
53202
59658
38544
5420
54734
33531
11595
45330
35183
60314
52066
43771
247
18723
40669
55317
3330
62480
28260
15331
37357
64485
62215
23959
27855
11568
37009
60306
53769
35767
1793
57237
9451
46997
56546
55170
45656
11784
32864
8662
54480
9569
10034
63210
17832
27170
58990
24749
7517
40618
3004
26894
18836
25459
8885
46884
54352
23784
60793
62654
54900
32715
43159
51261
63676
49203
56595
49804
49240
61596
43849
55956
33862
31516
35662
42208
52922
7846
1317
15686
19914
601
9916
20869
60132
51746
59874
5576
56370
57319
191
51524
43380
18123
52941
44154
33164
18292
29624
36700
56092
62666
65077
13095
39799
16873
38870
27567
62231
61411
13965
56955
19248
24673
48873
7557
18748
24324
7394
8666
42297
21647
28400
32346
29369
9195
2715
24927
10325
5300
45438
33092
17545
16940
29299
6596
51145
21693
11921
39104
16725
19089
48913
41405
28081
52902
59563
6634
12339
36511
49181
47699
5814
48800
57896
59026
5132
28526
56597
47748
51101
27126
55573
56700
57334
44014
5246
10234
30034
28795
15866
31480
34866
9508
64402
45069
26835
29559
40419
19248
48398
7661
23904
64704
11393
10797
50249
48258
36748
45506
49487
20045
31699
27658
4791
38801
44632
41297
64358
56940
2892
37475
44479
7185
12428
51305
12196
7165
55418
50478
16193
47862
4670
63827
64088
13707
57432
54586
5845
52066
48928
14653
43649
39483
56642
28204
48169
2589
34153
56331
56111
34150
55686
18847
19436
14268
43213
63952
50740
54858
62326
49145
28057
32263
52615
29380
27561
25663
21195
13706
49888
43460
56896
48893
14240
18410
55742
55990
53755
14939
45775
18489
42314
25512
23127
38604
1658
35045
58405
35119
56618
18140
55549
65088
31311
19067
58811
19351
16173
33562
18547
46779
23159
13223
34691
23137
36336
7062
49871
4582
21106
27197
61205
49970
25876
51142
24626
64628
48675
63813
60658
43604
62692
57808
57280
62674
20503
27231
5348
28015
29661
10112
46007
36537
21520
46977
56230
48101
10175
34878
37227
14770
56352
8367
53667
27389
50003
6544
46705
59621
12361
19333
571
56441
42272
12666
57801
6158
3901
44782
50907
9825
44136
313
59451
27995
35461
9331
49227
46779
26021
39926
21345
1367
60609
17279
52784
15819
43474
56690
10531
43666
942
16490
53234
10596
57179
32005
31071
38235
13986
6589
17083
32619
38540
32411
42923
29529
63538
28498
43752
64956
24080
48384
64799
15760
11062
14484
44757
23167
5341
1297
583
26593
11309
49823
28649
24921
15133
42345
28853
27646
14918
2525
23698
11901
15735
11768
44025
14905
27917
44860
48435
43761
12015
12429
13140
15248
16670
22198
43466
3872
47297
9985
54003
15585
24082
7415
64691
5014
6211
52039
57519
47409
19525
49022
38170
56657
2999
45718
25996
7851
56213
57060
907
1003
13982
26469
54794
14619
12414
6239
51000
4980
64003
45466
46466
9006
3047
26976
62604
11072
15486
17017
45884
13528
29742
43346
17128
3669
33490
40058
36916
51564
49594
43918
40983
57714
26996
61215
40831
106
28975
20243
26244
61698
7512
8618
19749
18857
7650
50470
52230
39568
51843
21035
44454
32176
64595
53996
10797
19501
20843
62738
22766
44399
13299
13514
6446
13684
22793
19893
55862
9605
38953
14688
48224
2524
62308
44123
15786
49955
52321
29078
51016
51521
11947
9985
57948
57194
17657
15580
40535
3877
17830
56846
5451
62701
39198
51004
3471
32952
42868
17691
62528
1109
15695
14995
34793
28001
1336
20704
60576
64560
44114
58917
21482
63003
3735
34094
24507
15377
51893
30896
49244
8238
12673
57368
46813
41952
40885
7440
61667
61181
20065
594
64943
19238
46343
6914
43495
15095
44096
63882
63321
50764
10096
35502
63111
6094
60887
62212
22659
46058
512
33517
2589
34640
55541
6522
7748
26460
49954
24073
27574
65169
36856
17683
12223
62982
51177
56743
14040
34916
58833
57371
33189
18890
14722
65137
7595
65221
61080
38430
15573
20503
1304
54982
37557
19390
265
31900
29521
51063
28218
21004
49899
14728
38058
53212
23499
54847
19890
40147
3119
22766
5227
36840
39920
13456
7495
38415
55151
37303
40766
15769
33158
23532
49373
44960
57681
55878
56856
32120
49549
33843
14502
48903
59866
31790
45649
33825
52640
784
55500
23435
47934
45017
40959
4959
57179
16480
45524
10262
20518
9414
24076
13904
35060
47659
60433
7134
19335
16550
63754
19730
60311
61542
36058
14618
48320
57209
1736
18042
20265
61821
5723
57994
55572
19816
30517
43651
10220
55
45925
37320
38706
35570
34570
11702
53777
4462
11408
19022
5928
55234
12848
61737
7470
3812
10930
16568
4589
24542
40215
28458
44232
22421
29840
57084
14746
6677
14595
50664
64671
9924
30072
59701
13096
8284
54951
16232
4127
23752
14562
4200
62083
56903
13756
33208
30971
22956
4090
30168
35828
4961
9659
58891
59848
47753
32409
38182
62831
40099
6045
23942
50905
32524
64019
6645
35609
59554
32800
59054
4482
35986
27689
311
38183
36035
48183
15709
41339
23011
45391
8597
41262
60733
55526
35639
29987
31363
14723
17125
6549
31598
47602
22748
30006
63228
9879
25325
8906
59669
9238
58904
35862
31366
56405
37955
36117
52151
51326
41589
55123
25657
45572
50609
5969
53374
8978
54432
5937
29890
3219
59761
6328
57519
55741
7914
7319
44795
19017
41833
9074
40193
10877
62894
49353
13620
29558
26372
54223
28004
51928
24220
3953
46602
33348
47957
52570
60476
51705
14725
19546
22558
36192
19455
1749
3771
17842
47389
31471
44767
51355
41707
49803
36301
28945
5958
13837
32060
11910
9372
33440
1802
41134
7542
12111
6354
13962
36321
19172
34202
58113
31072
3141
56443
49113
28711
13422
2763
14169
61627
62615
24211
50506
9271
2083
52259
18097
1075
15392
36290
57798
15986
29979
60241
29056
4892
58777
37177
24100
47889
24385
20844
52408
63721
13901
1234
33940
11848
35970
42531
62886
25626
10992
34339
43715
61276
51305
45046
38503
40441
12170
58568
58896
44494
11433
28821
3378
64911
51714
49462
50406
32457
61786
8816
55199
21622
25397
47944
19534
48088
48393
39751
284
605
7304
16355
29734
28350
60779
60738
20888
52276
31478
65043
61587
16443
58968
30679
29784
45714
15816
29263
45345
5998
29243
25495
18024
30882
46920
34978
12449
21880
42080
65134
18308
43417
41846
14138
64757
62244
21337
13061
34439
23328
8796
58795
44192
27127
2162
27066
6501
54594
12092
4467
23333
39778
23379
18495
31246
8106
34594
61288
16504
33987
49604
39137
465
38917
31392
23870
44560
33859
50952
60222
28642
56706
4158
10951
9802
39330
40456
49976
41127
53478
1206
61709
9925
48170
16852
12005
45649
43195
55633
4935
33548
59306
57196
49389
1568
39772
49144
48541
442
54411
8496
62789
4055
38417
29058
59588
22081
5539
31569
46530
26724
35912
56711
3865
50093
8912
59157
47199
46613
57366
63433
7206
39241
33720
2137
38411
35480
39193
27706
18274
35800
5317
33352
27098
7060
24565
4811
24936
44516
49326
7835
9979
30989
4435
26695
5423
49896
26381
63256
32141
6872
9738
22941
55735
27794
48575
61726
13409
42190
20339
40554
309
36502
42626
14634
39003
402
33189
17879
25265
62913
15767
1322
20747
47020
46862
1313
46952
8326
6502
33274
44466
28710
57019
35507
26727
25052
26452
6134
4351
22750
9657
32849
61880
15116
64136
48352
16530
55186
58116
24762
58042
61801
10653
622
55553
681
47436
56284
9171
46627
54254
50838
40969
13261
111
52856
22302
11576
51520
47959
35570
41212
16635
61251
37824
33578
6249
31790
59369
15232
17539
52098
51674
7260
10336
13661
38324
63377
21298
15230
35899
20129
2152
23832
31435
55466
41617
23280
40166
65415
20224
30873
2877
47972
22271
17762
46474
34784
24274
44612
32144
39149
11035
35982
27434
36168
49401
40671
30220
10918
20773
45126
1035
50338
7454
15483
63957
47825
51526
60659
54132
61083
32797
24739
59326
49972
64337
16275
43937
25146
30492
25455
29726
38370
26015
29140
64785
52608
60907
29527
47469
3725
43526
46107
21078
7784
46346
14948
40983
26252
21276
16073
14545
52571
14956
64613
30525
43160
22804
30444
29448
29917
5931
20795
32647
48376
36904
8912
2058
61365
12509
13904
63246
51551
15259
64396
54687
54965
8106
41996
57272
29141
23749
14554
34001
42821
5290
24010
48253
23514
26484
42683
51152
10717
42337
34477
12013
62714
36136
61569
22115
51113
30044
30406
19612
10738
10760
61731
19998
55635
59625
30873
22659
41864
39783
63397
11215
23769
58561
54021
42560
58733
52644
49697
61840
3907
64373
62031
62832
14755
10720
33442
61591
63195
45851
1718
50903
10660
49844
45119
34617
36542
18270
54950
5861
52646
16787
38518
12228
1923
22322
15418
64094
45701
20899
29015
8774
23435
33060
42611
17020
55503
50274
46649
64663
55045
52215
29138
31006
33639
34588
41886
62677
4872
12636
3586
11669
63463
22039
58909
27613
42615
53345
65065
15522
5185
30288
27937
46857
57630
14757
23613
54770
22833
581
32440
64624
42487
15738
5713
9649
15834
57969
1830
11045
33248
55141
52228
12866
55649
25731
41642
32074
11717
60609
13536
28328
44660
7606
60052
40415
44454
19091
8860
40672
45405
21527
25687
40104
35877
54834
39900
13248
38388
65516
39506
60669
4880
49572
46182
12713
25576
47562
22306
23132
57307
42061
30057
50697
10628
35814
25536
3023
45172
44156
11768
51869
25575
23072
56025
40529
58636
13932
6828
26067
49770
2055
27292
40187
57674
32746
10142
41250
52974
18062
44992
25724
10111
61249
38750
34396
18125
32755
41529
52346
26215
37573
38636
6538
12075
4002
17656
29623
3847
44707
47117
45
50018
45124
40208
59679
51492
37244
45004
50667
2846
48610
18860
48270
38034
65304
41008
19321
32615
51502
30845
8174
11825
41393
23664
48373
15659
47013
44145
57227
57189
36258
56809
58152
54490
31175
24227
36600
19231
27347
38982
3870
41632
23625
15095
36885
6775
39411
63188
21937
10610
6405
26926
5354
55462
23517
42886
18014
12735
39224
56955
34579
18182
61780
40482
2440
5758
20393
51850
13307
58449
5149
64212
54782
64803
39241
39044
54418
16739
7524
3307
42777
18809
41751
23383
46900
26346
52096
9677
36433
4276
65168
18424
35011
39176
26849
52500
51549
1725
10897
17286
41405
44311
3119
3771
62933
49692
51368
51079
37743
63380
1667
3147
56118
15445
29981
59277
10828
33815
26505
53501
45633
20932
40237
52310
31195
11501
34962
20542
19520
27025
3183
55351
58819
27959
61216
43690
53581
7244
5562
40727
44172
4083
1340
39143
60613
4826
21399
12271
18272
34470
56155
55266
11711
6947
56528
54030
34366
48763
17202
56567
23003
10539
56034
59084
63042
22723
40642
32326
9428
4090
21412
35585
50697
25949
41182
14643
12837
43051
47994
12106
64617
33625
47283
26541
39690
57131
23216
51345
45992
10742
28739
20288
50568
44913
34403
12990
26313
7673
47032
64771
64846
16752
18011
30905
14321
20106
1496
19101
38199
19555
55498
40551
13626
24335
16903
16308
14400
38740
35622
30879
45756
27468
25844
33782
45048
5574
20347
51285
28814
29095
33654
61930
12928
14930
39244
32958
31258
1182
41459
55610
22765
55981
41774
11550
51814
50769
20513
2451
16762
16456
63190
9936
44304
20479
46082
41199
6202
46424
7839
53028
33085
14050
19889
21504
33882
27122
21838
60448
48176
20833
25946
32034
28141
14589
5361
30097
40343
26509
60648
31347
20437
60530
29992
42881
5299
41355
60211
63393
20776
58796
14528
64584
1969
49567
8034
26076
8312
5210
10977
50938
46269
47521
34611
63760
57825
15988
14842
61688
40593
13892
61098
11562
61039
42179
64863
22757
54339
21005
50121
13265
10714
49228
44290
42367
25564
2439
30692
25001
30774
32676
29226
10162
60175
41443
50398
21636
18425
21133
50709
16527
54224
31864
32967
45576
58510
28307
2613
40229
4101
42014
5308
50076
3442
20913
3637
64890
56406
11707
22548
22043
4464
37722
23283
4330
28551
16348
44458
57592
6561
36517
50409
2525
1553
65117
5979
39623
6438
17521
24224
57106
2660
21098
8807
29483
26124
25568
36335
52277
42325
61990
7946
58748
47887
44106
32584
59351
43595
16827
28069
2236
46775
65191
55897
55463
38255
15454
22460
60586
19399
11387
9297
21692
20117
39759
19294
36843
4263
18107
22896
27310
59953
41817
51431
21688
10488
57279
38279
7142
51955
41046
23361
6246
48852
22249
32388
1828
26788
43682
14977
17979
32911
45251
23157
64050
33759
15289
51913
19208
45889
41442
25481
39547
21380
64953
17528
61823
27118
56093
28396
59852
28631
53739
31141
50239
48869
24236
3880
61084
15940
61617
12362
18372
33908
24220
63537
58924
28143
41642
54539
5243
52490
46687
27726
16094
37201
11599
4545
23507
38902
35221
729
63536
10201
22620
451
37077
57342
43776
60464
63199
6511
16156
39234
49509
21856
49504
47804
51457
21611
57209
36405
9468
46980
47744
47580
8502
54669
65147
64322
40968
2778
43227
6905
43051
37690
50578
63476
36770
47756
21292
64385
18355
54453
16351
1550
8346
16720
54911
15186
52141
1615
61435
31694
44475
51648
43714
30026
38480
14499
6647
46615
20378
1030
21424
42179
3556
45212
43350
32125
25285
22522
3198
65533
5956
30974
30546
27596
9852
60677
44843
39305
15580
47855
30353
15684
32681
59102
25219
12022
8061
43778
55050
23996
34464
30643
56458
62171
23395
65433
58934
43850
53788
61958
30981
44646
51442
12113
28726
40323
55247
11426
9844
52672
52551
21451
2614
6492
37182
4337
11359
41669
6335
38222
24356
32716
18440
60237
52203
61523
34406
19631
17204
27887
29037
57014
15672
37662
21394
57069
23358
59818
2855
4547
36356
28740
17973
42247
8958
24027
36822
12856
48653
8966
60867
50262
24748
60488
33528
17125
33
9575
28700
53183
56420
10117
27180
14665
7957
14809
24130
21978
44080
10945
16429
16422
8399
34469
12284
9221
33791
30875
42313
5733
3636
53558
20078
11109
26930
10695
50125
59822
53115
30088
50871
3031
58649
14563
13912
20160
40839
45315
18183
59539
12944
22937
31816
56058
45978
19258
59921
50440
56197
22924
19764
22121
51266
55984
58326
49027
54686
3267
23651
40362
14401
35406
16375
61820
19778
11609
62292
34609
35631
51936
9509
34155
41855
19626
31213
4063
54074
54400
59780
11949
4356
53565
57288
49134
47696
55805
5425
55865
61848
47250
4408
7603
25247
63395
47151
33514
33366
52619
44183
52503
6216
18013
1661
58922
18297
25498
26414
15652
29568
5616
23320
62690
60675
16270
20455
129
46009
38312
26484
45644
6799
1952
38708
19338
31116
13924
64085
45588
60852
33010
65095
42442
51282
27703
46917
57013
13419
21393
11033
54868
150
31051
14336
57924
7425
25424
58538
52552
17549
56516
22532
52647
41422
22542
49236
29069
15132
48086
5687
39120
336
20096
1339
37624
21833
17819
11061
14780
13436
39402
49197
46523
63056
28261
4011
16320
854
63222
43530
21082
63914
44192
43832
61922
30758
54405
38725
13213
64465
39453
43321
7287
26655
46369
40284
4476
40816
48102
42104
10845
14742
21746
35106
24176
10899
36975
53868
32859
49237
19636
15607
62648
7244
10001
24168
56674
20561
26841
47845
24167
49111
47428
39869
52430
28444
47556
30642
34939
24347
21698
251
21889
25722
10943
34212
1239
30717
55231
63418
28621
48656
4842
55309
51649
19186
62636
20648
40249
2184
54401
20767
54184
38771
56534
20468
62980
30260
17351
42068
34155
11275
15155
50245
12758
41060
23290
57264
47775
55817
1618
58393
14338
1349
43152
35153
39135
43026
12817
44158
14630
27199
15974
49859
49428
36987
50890
50108
52963
31382
29338
42350
47429
57227
47576
20285
55532
34591
877
4183
59054
35815
5480
44102
6309
23486
10948
38585
20140
53087
590
64387
55322
62092
52356
40968
41910
24748
31634
40297
13262
8055
64083
17052
11380
20869
12441
2556
53163
58426
65388
20322
45105
23617
48384
49147
62162
20322
38306
13861
41978
61657
54451
56646
63326
16525
17858
39404
16382
8631
61400
60878
49444
53199
53038
6364
36255
18364
1163
1712
59011
62131
55086
8761
33485
5163
9634
21839
16169
15756
11027
33153
24606
6917
60992
24722
26868
266
57317
22350
26420
54615
28019
29597
20420
47861
1938
13195
1459
52314
28742
51384
32818
6492
60677
49865
56357
57616
49862
63029
1494
36195
60832
29978
3966
59208
28257
22783
31170
20139
58119
47873
43413
2244
61630
32487
45092
1021
52536
37145
47756
23675
10337
6017
10199
2282
30626
51722
24572
36243
53704
18255
6340
8114
50276
49843
10540
42973
54441
62384
9612
1886
49286
48741
42039
28989
22643
63468
984
22324
51305
18220
14614
17186
44649
2624
13165
28963
58119
5237
31617
64829
15934
17709
3272
2643
46665
50887
16522
64798
16572
49896
6397
26652
25491
33602
580
45834
30121
33434
38040
22436
56941
14912
10325
3562
16061
56635
1245
21438
49642
18310
22400
1201
62151
20379
5177
53825
50603
4510
17376
22290
61531
55896
31142
23977
1303
65470
40895
10689
35771
6630
8348
37531
63656
54343
50113
48935
24488
43349
51094
5342
44078
10565
6412
56948
52323
17596
58497
54086
31632
6578
53991
62318
29273
3037
41922
1693
13656
39901
33513
62252
29355
15435
3904
13398
46879
51747
9954
48278
23125
54058
59695
19975
2475
27883
25654
56289
38913
11790
10174
12818
45164
26851
47559
28809
60909
4659
7548
62883
18974
46011
49830
34102
42953
489
5544
44644
12337
40291
15553
65044
20896
458
28801
38467
23035
26868
55707
30537
41326
20715
44334
32042
5783
51031
10362
32262
54706
59703
30525
210
51577
60890
22512
9337
56918
45172
29876
26851
18476
56995
62885
60097
56441
4490
21362
9455
31779
49153
30701
52594
23007
57800
43910
23007
31462
25689
38188
15331
8978
50524
24523
37744
64789
45058
14316
52038
64348
24671
63419
39572
62146
58157
19975
63892
27775
59294
43324
43064
52864
6996
54704
38967
37801
30702
45782
65030
4464
11654
68
53393
58892
14605
13117
13722
14721
2089
14216
57405
39160
22166
27309
61798
13776
56213
17927
41688
25685
47964
48427
39248
16868
1501
16858
17566
15941
9888
61393
9488
14067
23478
44235
43278
55923
43187
21856
36427
58236
4272
31299
41
61572
24956
16080
1527
34610
62142
24635
17694
54
53837
12244
60634
62658
14503
21209
10126
24475
9139
3991
5167
35671
51910
41657
9792
64949
63621
22823
16602
58089
48366
45650
31008
28039
45145
50813
5095
52085
15718
61074
4381
23605
6609
61185
837
54317
1965
42160
39021
7585
36694
3406
13811
33260
18161
55041
23750
25008
59538
53571
8859
44042
11248
43799
25331
3363
44247
38279
62260
22053
34802
37427
24668
23376
17556
13509
53764
37240
12682
49745
1352
34503
59877
38122
13250
5950
6197
41068
40276
49535
10321
18712
55060
63562
5920
40220
35344
52871
16433
20751
20097
12199
4543
57160
52177
37116
38668
61047
46244
30399
41309
59436
14270
40802
6694
60387
22719
53086
60318
6545
20335
43921
33953
21660
32970
1290
57142
19860
41963
36579
56680
9912
38481
41125
42174
14687
25796
55976
32505
8876
64159
8683
5357
61641
23671
30441
64115
28679
37817
4788
51939
11428
12547
6414
13969
44993
25456
2822
16684
12598
31612
55171
17858
1716
22582
4594
25979
21186
17890
18044
42890
44452
51177
33624
46201
42681
23727
42470
50630
31724
50691
16663
52340
49661
65449
36554
65206
45613
62744
53174
59925
55687
62636
59701
11272
55407
62207
7561
44383
53705
59392
21563
40193
44375
15343
15275
62332
27848
38048
41627
47902
45747
38033
28048
44995
61177
40941
32379
18845
53000
43231
43920
8165
33924
28245
29997
41513
55184
63517
30891
33914
16292
43736
24917
59889
31234
15120
12076
15851
3963
56015
54708
44169
46003
62053
19591
37890
39750
19019
13136
11513
50957
53990
49920
43497
48402
22308
432
16396
43092
57793
43345
33031
46238
16691
65422
38209
54839
48340
30969
27570
60277
51410
50821
41609
15184
25525
64014
10552
45070
38555
55449
30264
37892
18439
39370
17160
30352
29285
5305
44015
39226
13482
62560
16885
51279
21514
1132
20408
64847
42349
19320
7256
62545
65310
41901
22804
47793
53295
60321
21375
60084
21720
29132
34705
15439
1588
5493
18897
45387
4816
62461
37343
63907
24000
29747
39221
22729
19976
37534
14769
665
22197
25203
8660
59766
26806
41097
35873
23715
32624
39713
12222
1715
48768
21344
26686
14360
28167
24442
44617
50304
9827
4500
65333
40038
16142
38731
11122
60562
14159
57892
38380
24193
46279
37839
1772
31247
48472
57301
63963
15155
46019
42933
28796
51495
54330
18264
50568
28187
25558
56672
23098
38930
58131
54304
62499
5591
57809
34587
20948
64024
64398
36917
59210
15207
59
46563
28727
29191
50653
12345
21882
25062
925
35224
14659
31616
50465
62953
2566
63372
18967
25782
64356
3482
7397
31553
33764
43435
50728
56563
46836
13374
25641
10368
23415
30832
52603
24541
46051
35361
43851
17192
57994
46769
8214
43039
60440
21279
1668
48752
39852
1929
5126
12808
54494
39090
49548
44889
51373
19658
63919
49102
53574
13833
36494
14789
11098
37730
43189
1867
33172
64957
31704
59191
4897
11593
10474
62104
6
53754
7452
47310
19726
34775
4507
29527
12064
54864
7723
61309
61833
15901
2527
5284
22871
39033
62046
48874
40312
13615
54756
16963
6556
45052
54811
26900
48192
57879
55270
53252
56666
42929
47557
3876
44381
1617
60634
34885
24872
15934
55226
65255
20099
23066
55226
22439
37532
33996
26100
41887
55364
38546
62085
52117
22296
35569
45349
49870
27352
9745
18183
63399
32018
9733
4196
63064
29589
44486
43970
47560
33582
12717
52883
13307
4452
31741
55238
12815
61464
14302
8633
59684
47905
64361
4166
27069
63979
51144
36838
489
21968
63926
61835
33390
33754
57887
59523
15074
25134
2695
60285
1512
4016
44519
51572
16609
11703
19675
26204
230
35222
36811
44617
5566
249
33515
38027
53726
22148
17361
12182
16189
48969
31888
23393
4061
24701
22290
27221
7998
36118
22468
11005
50652
43368
41338
36448
13900
27855
29520
12371
44329
8917
40855
28939
63609
24830
8131
31200
3454
61262
64583
36784
52056
58736
50352
49621
42644
30228
29141
1280
58690
47755
61946
60069
22453
44657
22434
34448
15008
24995
33219
28970
2083
28290
52831
58438
55681
47270
54077
51956
32063
32495
46982
63452
29055
61815
31991
7066
18913
65298
64927
52193
33322
41627
10195
32858
59124
31220
1224
37025
52047
27017
58554
52577
3904
18139
45004
58367
38724
34654
62506
25642
1793
31129
20463
33296
35922
25478
28861
40872
64859
36060
63808
57118
63349
20380
28212
50878
37349
33022
19089
64788
61096
18416
37249
57186
52765
15365
56601
22498
33184
49198
23364
25866
51011
52991
59671
59575
11437
14116
6209
19723
33476
44475
42036
13419
44315
5544
31621
62858
24763
21660
37020
8593
28156
31607
28475
27803
20883
20956
8180
7067
31457
54639
44022
14639
36738
22147
51999
56679
53449
48984
8546
12803
17994
26813
2599
13133
46492
31598
54198
28228
17001
33623
15580
18084
47518
19882
12784
19957
909
56952
15115
37564
6786
21050
49864
20850
34119
4794
13704
53193
24410
51750
40226
2436
52942
44644
63938
64129
20299
637
3386
5957
10425
21669
33629
19816
16866
29698
12202
32692
25987
2130
28472
29578
20367
53400
51703
61259
4573
20721
26718
30706
46568
35141
27004
58379
14097
11845
61233
25806
6102
39818
7491
54397
52933
50267
50120
57700
10306
24387
29603
24766
12204
20735
12498
23966
60211
10870
33789
14231
9314
35302
14399
25051
54772
62016
1133
62541
57857
21239
64281
23420
43454
61122
34021
32894
8779
37235
30127
47885
46189
38203
76
60659
52948
62753
61569
45113
54927
51195
50517
1212
21214
16940
35198
5169
43654
63173
13045
36128
9123
52151
53982
44644
6892
1249
48857
51171
40909
55877
1864
26422
38883
23713
16820
52385
27650
31100
5193
59469
40511
3959
63180
28369
57705
49125
14221
39552
34071
39496
57570
11299
65346
35780
52607
17088
24895
51415
10642
61094
32959
62381
54695
34748
34126
8586
35053
45844
62284
39866
45801
11402
12467
27701
11530
25921
2406
26133
59164
14797
4053
53915
43269
8434
50312
23837
39719
35739
32520
9760
21163
23003
58448
15135
44481
14296
53316
22105
36899
5530
13303
52254
64606
39673
20361
10105
19579
65093
16709
64568
44625
44189
16004
63454
31297
9043
32816
32088
18218
63478
55659
14567
41156
22193
28818
53521
34554
40313
32933
37926
41680
43295
42731
40848
16073
33993
46837
15898
62685
14788
59317
33875
34947
13358
46883
1039
32718
31989
54182
5326
46091
10915
22344
49850
64904
45461
1875
21486
22452
39167
20593
26827
19005
63224
581
12370
42334
8529
50098
18635
57482
42616
12360
30644
33411
38612
44482
41779
58720
5602
42481
40438
41257
18421
41810
9750
35617
27578
50933
17254
62498
7276
55770
39396
22986
42719
62971
19211
1052
64512
9153
11083
61093
27213
31348
65298
34798
4219
56093
8450
23079
13474
3255
59207
4782
47170
1374
58706
31379
43421
64851
25502
50221
59145
7801
54321
53228
51395
34945
60791
37714
53663
35143
36020
1681
63714
57089
35109
53402
17017
30777
26548
8063
9417
57473
17200
47097
3205
52160
17692
53131
54837
39551
20924
53128
23084
43744
36839
62039
29280
50928
18093
51807
49194
60523
26737
17221
27268
40449
18653
20597
46411
25834
50613
63970
10778
60837
16315
50169
20004
1324
27740
62779
9781
37664
198
4636
57067
64323
52807
56502
46583
26921
33376
62872
56712
34585
17206
8388
3985
55422
38777
50792
24992
6918
46800
10314
49688
25210
48790
5373
21207
58882
6252
65402
47786
14421
49811
51337
49257
21531
56139
58369
3545
57821
40589
26766
37617
34675
21847
54107
24293
25125
2669
17836
3645
16912
5677
34541
27788
61557
24484
64638
42900
40435
2782
3308
31998
35644
39360
21058
27312
37255
47715
42211
33086
12809
61020
54136
45689
37595
58042
10011
3801
59173
33600
20632
52666
28365
64147
44813
43273
23731
3997
11605
41368
32622
24567
58379
22753
5995
1176
51730
18978
23151
19600
49286
60050
36094
19813
48198
31363
29520
57918
18764
8844
5953
51386
63862
6708
22417
23906
23646
13648
16932
41904
29107
14879
63662
15455
22397
41649
34319
20498
32327
54122
53515
60911
30913
5829
42486
47440
55465
64685
4045
4946
38903
54793
8559
40331
36962
30095
41410
36566
34494
54632
24593
17502
33321
2577
31255
63809
54119
12308
62821
38028
16020
59188
28058
64217
7078
8461
24315
46193
42614
29466
56294
12955
15269
42019
12366
46802
17099
20281
5137
42173
6740
43886
11061
23155
7778
62008
14825
43413
34690
42650
34407
9907
64371
31127
49150
16188
58399
21410
19082
57600
31652
25396
63500
11036
23169
14175
12067
43547
54270
14875
16904
28240
25603
13692
28680
6010
59830
41274
34680
24913
40461
49890
63171
63430
37041
24255
43834
63712
36609
48586
17626
60086
20467
4178
22599
47460
2645
50052
59717
52186
60716
19631
63400
42915
29676
34228
15026
59222
64603
25104
26957
19190
38844
29882
51652
64247
27438
20311
36149
59777
23657
47592
57247
8641
39144
12444
40774
30167
35340
47107
11046
2754
64160
63788
20756
35064
20962
17561
58399
3452
59947
32572
47531
49268
57253
38792
11122
41248
64612
44521
31993
64246
31169
93
42473
56040
19441
6534
20280
18772
21107
14761
33575
41976
29974
52483
35010
49387
1928
24677
53025
15750
38258
8367
12551
5000
19167
352
10235
19857
63290
36640
57998
33408
4435
38792
7731
64391
11291
38992
34361
57501
63754
40735
34645
48662
1861
65164
40258
54251
25586
36618
16514
13770
42695
51647
31220
65049
35929
37892
35304
37438
40785
31490
4567
60202
47712
63470
1222
26495
64467
55438
56219
59590
29663
31652
52964
36597
40621
43722
22756
9805
4136
3623
19443
49276
42726
48526
28593
60022
8990
57687
29693
24633
31300
49966
41207
58990
1974
50702
27196
39792
8084
37796
65363
29397
58421
5237
50297
27356
32689
4583
6021
53703
60650
29412
7775
26697
26452
52536
31240
35097
37946
46703
4668
38769
20309
45717
41389
34325
7218
58815
1870
30853
18934
54602
34251
8763
64498
29369
63989
40988
45955
45092
55054
58312
12082
11731
6032
42275
60438
9604
55505
35815
8297
58097
2251
25512
54719
4478
18949
40974
48846
44984
29754
14308
53065
53810
42279
31965
23738
57326
58076
8659
22370
25961
10393
6815
54105
48582
7987
42979
21267
38551
55344
48587
29508
39536
57680
3772
61333
55834
31132
65430
48912
38024
45830
52417
46722
65108
30413
50076
23000
16434
6736
29659
49939
8724
17070
35237
57094
57346
23193
38950
4124
40909
21145
28923
49526
59290
27
58796
43370
65501
10602
60886
42928
39548
31388
4965
51484
4514
5788
51239
13258
46041
2870
63251
41285
41144
32883
54047
23655
10860
41022
25020
61700
34064
62971
57267
64760
23978
11538
48334
19374
39175
60437
62532
55747
8064
23682
58204
62619
21798
46500
5212
51303
47819
50884
50129
54560
56979
51456
2482
61832
7364
43631
39824
26766
35234
9616
53455
4101
58225
821
59708
1051
39307
39591
28638
52335
55865
36036
5610
26240
4996
15754
31240
28655
9306
1211
19321
54630
54770
34881
64573
53876
52112
19520
21642
33030
16081
19554
3104
5714
12149
15889
9188
24563
33669
16296
15590
22074
29012
59888
21819
11756
10630
19685
13984
26145
32324
57605
47018
39936
10541
47858
60868
28297
45991
9462
50031
40174
52529
8861
19722
27112
11505
28023
35813
8138
58655
6950
60393
12795
57897
43122
43476
37519
12083
31447
15850
18316
12204
20342
48763
28837
18942
30334
5499
54648
65387
40254
49995
8260
58617
28348
32731
36287
27467
27418
19574
52577
26506
52316
60504
29867
8126
38146
16822
54664
20579
18834
64140
32710
46215
36766
50847
38770
41182
43824
1442
30970
12740
2154
49987
39465
8758
58341
47885
33433
20108
28817
28470
17237
27601
40267
3680
38612
9281
45982
32048
64299
12675
48168
17084
23588
20729
42611
54457
53316
55374
45566
33748
9939
59408
36762
10297
1190
27094
17996
65423
15834
28454
4280
52759
33897
20107
36116
32569
31348
36442
52361
38101
4176
37373
43838
63757
57877
52582
44050
54217
16867
26339
62643
33503
19814
31031
51149
60191
3255
11961
3753
41230
36857
58252
2546
27783
55722
6860
47494
15750
44773
8412
50377
20175
35095
35190
42319
34944
39160
29012
9058
61119
45381
52075
42808
29112
49070
52432
40591
22007
39208
49000
2545
29633
46068
17876
49905
54372
15904
57090
43200
15221
58191
60645
9189
43398
8778
64389
45270
53029
21596
15393
18830
35715
45140
27910
47937
49538
45249
8303
61764
37299
13027
16329
64639
18564
9193
26664
38187
62757
24114
40596
2726
47107
3710
36877
41576
4944
44794
47365
25096
64597
34351
62312
22569
24793
19128
53198
24452
4294
24645
28100
49813
55289
54317
7432
37512
48167
32219
13329
38941
35936
37976
14389
58368
25054
59855
18163
20662
7667
45035
23322
21593
23339
50897
43065
9256
16837
37063
44125
49909
47373
56798
22825
7917
21368
45593
4428
50644
55463
64437
60308
46457
55389
42835
47880
37622
5902
29718
40808
59220
25052
41331
40928
57248
62445
63847
64306
3291
62752
22602
7799
9279
23572
42429
11097
61022
9855
93
63257
16102
47955
51847
59181
35350
35729
35958
52641
57230
18699
9522
4700
409
41826
65338
57844
34177
30317
21454
10091
14824
49220
23812
30484
47003
49629
13443
61534
3349
14354
11835
19056
46927
964
7800
59649
56875
7871
14123
30658
22002
52115
3546
49297
20401
10047
4778
12712
12942
54550
24732
43367
26461
31224
24057
36174
11098
15968
5331
21540
63380
57969
60691
54328
18822
28840
26470
59627
57909
27979
21661
62489
21371
47404
12650
52434
34996
13117
50013
38249
45253
46854
8224
59119
724
17027
20180
55146
26901
2717
40423
50045
34483
40034
65073
22259
14300
50977
44523
23121
587
2098
54128
62318
28722
55044
54650
13492
37181
42557
738
15972
2859
37563
45974
27094
35297
1792
20900
39383
63609
53232
2910
10785
54716
11273
52623
4957
28658
37329
37670
55657
28080
31321
56023
33067
34061
41284
21953
11526
39875
1051
50044
16909
48530
22263
53126
28095
4298
64650
64586
48882
52946
4546
11163
20496
38871
12465
27556
36545
18077
31214
5657
21337
53191
4740
52634
19816
12716
49407
40434
9382
25914
37148
51222
64021
1430
9431
23474
17042
51221
63370
9869
12827
42012
46465
1065
30679
12158
14914
10448
1609
43100
18965
41809
12167
57790
277
27651
24708
9802
21037
61484
37847
54007
5952
625
10798
18601
44763
235
22369
1395
60148
35751
33173
24958
56421
40390
29013
15958
27781
42526
60309
2806
56003
30931
61066
35483
61373
9463
51253
17685
55327
5335
21401
53770
37876
22225
26353
6650
28073
29656
4371
13746
5303
29219
57630
33158
39443
690
59786
44490
19686
64776
26211
62859
43471
12351
26583
48051
49306
22906
58638
23286
29022
27854
12901
55400
7988
13090
60531
22947
37393
20773
61396
30327
15023
21031
43762
40672
2758
30522
9799
48247
9490
51987
6215
42952
44698
42048
1478
20189
60073
24628
20002
45548
2754
38420
30920
30342
16932
44896
26192
1219
20502
45913
50107
38482
41787
17408
62874
19014
7955
12647
13029
13750
59782
53109
15423
25793
32061
57906
6737
61277
28427
44778
10569
25858
55691
57400
15958
33147
64261
30644
9513
50074
62608
58207
7761
52333
1561
61953
29833
30655
60781
23173
28133
21409
11505
41008
42954
62593
2455
43835
43676
46404
62209
57367
65097
46494
45005
6011
60452
34462
13937
27440
35480
31382
14225
48151
40314
37602
6305
63493
51920
673
48584
38992
34104
49922
17852
39397
36323
25732
14924
42913
37367
26690
44412
49539
3564
62186
56897
30112
43561
7971
26324
49210
52611
47659
17755
57238
40015
33259
43041
49688
1938
33217
16445
18765
12292
55883
8568
35728
48965
63178
42888
56306
7738
36259
41291
31848
1214
36529
62858
12129
16494
48231
42035
20705
36274
26648
7693
30994
41448
674
22129
60433
32051
41003
21185
38988
55610
62742
40106
57573
36260
24471
36103
59384
57182
29219
27044
37120
55543
22932
184
48873
18067
22367
63991
3482
33089
13132
17882
15672
1502
23304
3472
22105
7476
4672
41422
63455
34089
52127
34691
1724
18026
5901
21837
45437
929
51886
63630
63417
53493
13230
56099
23334
31436
57196
65535
2835
8241
53934
30311
53417
37040
35642
48223
40704
36076
24
65084
51291
33284
31575
36336
51308
43148
9119
8005
39163
36768
14644
42792
55636
43748
39972
13483
8745
3144
14514
9195
18522
39993
60266
24642
27508
43163
15330
31966
33753
61091
53474
33917
55805
37004
11006
5069
33007
57169
27525
61631
12151
31650
59679
32912
8258
36085
37505
58416
41528
32557
10548
16526
17153
5756
24436
34175
41111
64068
63906
63150
59911
2826
38166
59654
25591
1157
64302
14158
25844
60597
21766
21331
29526
32595
51308
34526
63909
12028
33058
50698
32822
29252
4004
47507
63325
14592
6268
16897
55786
63692
14166
21706
4498
49078
39880
30670
20561
38754
37797
54413
63293
55141
39392
39821
55995
5665
5123
17164
61105
47177
34947
42616
6698
14537
36560
14545
6883
38343
10653
10382
50605
5737
43418
65349
23607
8900
59302
48527
1815
44959
943
7156
63655
54102
58128
9884
14995
33390
38522
31864
14659
55148
26745
8890
35669
1399
47818
44439
54056
54709
31954
24310
14678
39827
25369
49793
46921
48453
12010
36691
45657
18755
46646
8340
30665
16279
62106
44033
32754
64448
24481
32615
22575
13996
7340
16728
23242
15400
33143
39519
21253
60891
30851
29071
57714
56193
11153
22525
38806
2778
21673
33608
54990
49267
7213
20869
13512
46290
55614
42434
37809
64451
56364
17154
57961
10245
39439
59013
27325
51491
459
63005
23049
58336
53584
60919
2789
9283
15738
23252
46370
22262
11814
49167
58485
8142
41946
7380
49370
12587
35414
63276
2269
31822
33462
26172
23036
34570
64174
8454
53323
50532
22208
29193
58093
43462
49752
639
48226
4493
22000
30449
13564
14350
17684
3790
39402
35204
46698
2117
40643
1691
21246
11344
34792
20089
46503
36292
50021
6734
7911
7640
64846
43388
41706
19728
25549
41672
23749
50731
3319
49797
55822
44354
5660
42476
61612
60885
27425
41394
18706
20409
17005
25514
49562
33760
15994
37168
38575
46588
1538
57807
8109
58536
26357
39130
29981
23783
56084
22205
60007
27456
8452
16747
15074
25727
21328
14226
5618
64972
41621
11502
32569
53052
19047
63229
152
23984
24238
55631
38531
55925
33820
23761
11842
5877
61764
59529
52665
51916
56767
19695
9222
65523
18875
7237
5905
51729
2241
13628
33153
2010
36886
58179
43049
30192
28632
25664
28030
5779
15734
38775
10642
61366
34924
26967
28964
31922
24981
24330
3589
36775
38873
4541
22554
48273
23337
59929
46481
46863
65217
18410
37273
28960
9363
64749
42276
45174
32891
16981
60036
28198
21230
51816
12814
18045
41439
41142
21253
9894
57857
43568
45095
50211
7386
2360
1374
19723
53150
24780
39148
12924
13746
28227
58633
79
47229
20015
1318
39239
6346
10591
6621
30325
36319
60200
32395
24982
61655
15604
25794
40170
59331
34276
64876
3818
49578
13407
44725
50435
33301
25439
52687
46302
38094
38022
12054
5840
7306
963
48095
12332
19191
22800
3935
13888
52798
37398
24212
23220
14535
60659
8363
32439
41079
22315
38184
55775
60387
55756
20739
36024
43436
47951
26050
64419
1343
1640
60505
25376
1946
59686
16803
31969
62964
10442
26298
26169
54352
6310
14220
55452
64735
25270
25636
30216
32801
2176
8755
61260
56335
24351
52632
21295
59105
56314
32799
23353
37787
26167
33733
25469
15214
50603
61791
30153
52493
4151
39489
15501
53051
40848
52511
52313
47288
22650
3791
16483
10229
42975
47878
59074
62097
8889
23135
3573
30671
30965
43086
42408
30686
40323
47642
53483
58358
64355
38514
10000
55582
5591
43281
23831
53586
26062
7002
55975
2457
6630
22033
42434
25499
55556
33610
33553
18910
36837
48309
5071
49929
1959
34068
29084
23161
21088
30291
60050
39239
54267
50090
30969
61429
120
62938
15025
36325
38727
9383
41382
37989
12203
60456
58534
56787
41472
4014
44806
9175
44110
50119
53909
10585
25766
29375
52513
64083
4572
5897
27627
44836
38489
10469
48758
62687
26222
20933
2642
41696
51486
30021
7364
37643
22035
9507
40688
53226
37658
31402
17803
48213
10287
58622
35128
41338
40318
59542
34391
59620
9654
40553
57935
63985
26402
50937
58404
22695
37225
16084
50564
27897
63245
7493
53553
22991
5169
48015
26251
27625
10779
31322
46641
6802
4263
25149
14773
14638
9413
44583
23709
60639
46
26446
24046
13414
1561
38472
33218
998
2624
26773
13657
29880
63543
20501
10965
50594
58722
37308
39
52057
29922
49803
4731
35087
11412
24753
37736
48140
63560
57459
18710
20000
54021
29129
42494
55660
40644
4486
25193
52731
35897
61675
1046
43840
47385
8060
12744
12455
19833
55289
57235
3673
19806
12182
47732
16069
11327
26191
56488
11444
40259
38896
47566
54233
27400
64191
23864
51442
10487
23134
63003
10777
51412
21167
41463
15166
52117
3654
39879
36010
36337
20843
36994
38336
4838
40165
35138
11099
22374
63379
64879
14488
1537
20071
10493
43159
25211
41497
5216
44152
10232
12360
4188
848
55726
24864
11702
40993
57495
54655
51610
49284
30745
7955
39542
46015
5353
29608
16299
36103
29149
61559
34785
54090
32545
29197
9951
29904
38190
11121
24431
61971
49976
39325
56501
7229
5325
60965
40268
1318
27192
25896
43461
12304
28125
28313
15026
16805
50792
206
487
61871
10687
45922
41283
58233
12221
40083
8859
6262
10276
24004
59324
24770
31404
20802
32412
37704
8902
28519
65331
53125
39811
2163
14523
20118
43001
50102
19396
15833
34313
17155
53773
44288
7414
47324
28489
19226
62585
51434
29814
36372
50138
44068
30275
54798
31001
241
61277
16377
51801
10365
33079
17518
50980
41701
9432
22538
33476
63569
60972
62803
59250
45676
42037
58147
60220
43057
32567
57892
63992
33269
46595
1924
56878
12750
52789
13216
7525
35959
55411
12330
31546
12322
50427
16588
38737
56773
40129
34332
58654
18249
57100
26875
24823
48652
25868
64793
50834
55991
16258
19073
56901
9256
3471
62965
25134
42498
47144
15788
1136
21129
59887
18883
31966
15374
16382
37684
44758
39241
24992
44820
52348
1289
25619
40388
15981
53760
16368
55517
16445
31023
39804
40574
50111
1720
50949
59693
2786
6183
12523
55161
42553
38837
50492
41720
34175
34229
10378
27469
23547
4520
10194
46723
59660
41387
33941
35153
8862
4345
37273
60756
53273
14355
38718
58605
5479
5690
61803
28654
39783
62576
35518
19148
40647
38198
4022
18297
62869
55411
8942
32780
46069
30094
25348
32729
63254
7785
61962
12080
50426
49458
18162
46208
34873
51546
19027
58236
57261
41897
16007
16670
38859
46962
51388
6823
43786
25190
58501
11907
41945
6117
16707
60533
21612
25507
45985
51345
1096
54594
26279
23226
52162
941
54279
7430
10765
26125
12365
35905
58016
6061
38053
57774
24642
26097
42713
55450
32204
8931
3703
51635
29910
41941
33346
10717
8187
64292
8648
19854
37826
18676
29739
44343
64982
17354
4100
17618
15678
10750
6334
9315
38245
60761
64602
14648
61031
51896
41916
21641
18442
44512
42448
56553
56154
41615
23234
11473
59002
42836
21778
29426
25274
42507
46490
43016
37607
21938
18588
7110
14722
6159
34120
33899
24331
20119
3149
63383
65332
30077
38967
45682
29550
25559
15040
57345
15859
2183
15600
12029
47282
20506
16158
13318
58708
62240
50953
43179
44471
63106
35871
23737
52883
36173
62003
42879
14816
28645
16203
46929
19823
41515
20484
20207
22360
58930
7156
44426
43052
62987
63267
17732
38180
43521
22805
63758
3012
47868
58896
22915
20317
8417
33440
21977
2371
50475
59758
12649
49049
21249
15549
48946
59210
42057
33818
2755
15745
16072
64016
60142
57477
954
47754
18566
4238
37586
59288
38349
52275
39996
14307
9156
53924
13703
63278
53256
53391
41383
2277
1341
34230
26304
59923
15408
13988
1683
32620
58349
36068
7877
14825
23493
49807
38290
59291
58601
13022
55967
18486
54072
61243
60771
1059
49337
60100
5401
52812
12070
28236
23632
24456
49976
36066
44889
46246
21492
23645
4745
4775
61832
45761
8728
30593
4584
5624
15284
44914
2023
40131
4462
14802
62794
42681
63152
56086
46795
61147
3812
10786
19497
36614
46491
34505
31437
29891
29941
61853
17604
29203
20918
9134
56065
57701
30949
2739
19362
19691
55345
48831
63296
57146
57879
54900
26926
25169
38322
50022
39048
23193
45139
54907
65285
64818
63258
10806
61300
23183
55880
63591
31115
65116
57527
32753
26254
35500
16343
4822
33933
5651
52217
27137
18874
36089
62868
26489
57369
32349
10136
14864
55512
42247
9700
22412
51173
9753
44521
20300
21675
7077
24997
47454
59636
655
13833
40626
347
10129
64406
53681
60605
22362
34788
37449
33515
9934
12557
9807
6120
10894
25981
23764
3322
36376
899
52236
22419
35558
51724
48135
51997
12680
49922
5677
32949
10461
2556
19722
2582
8072
15083
64985
3835
29174
42478
9727
4306
27959
44894
44736
50207
5701
23886
58643
15986
29950
61487
3036
64407
55346
43983
4753
21944
36982
812
13609
5843
38248
44733
56198
32534
26253
50011
28272
61499
24696
17619
22699
62162
40865
10328
48458
8248
45901
52525
48165
57175
48009
38171
24997
28827
8544
13607
20473
25389
7671
50276
51890
11764
45969
3283
18277
37480
36573
11495
44249
45728
21232
18501
4032
37507
14072
2298
15235
32682
12816
24267
30887
31844
6327
63496
18126
37834
37488
15528
34690
53224
9747
49189
4049
20652
52300
47959
41131
19576
57608
32500
61225
49557
61134
9161
52586
13514
52372
21780
13502
7751
21816
17918
4442
44870
55031
6713
16633
18361
55820
42519
24372
39668
53201
2094
38345
1434
20
57572
56846
977
48741
31525
63960
12069
11873
31579
45086
47454
1624
33918
59394
34594
54704
63877
63537
26820
7008
46581
42696
59677
47703
25279
31432
60004
56746
7489
63739
44483
3178
33387
42142
47922
53017
54583
22083
19211
8909
31504
51688
7862
54359
27967
57435
39935
49739
61793
2457
9960
7611
20117
47732
33945
18283
31447
25885
47333
54662
1736
16680
41639
49457
27229
16539
41853
36197
53845
35763
9499
22167
58481
14720
62762
50043
50408
40633
2071
64407
10932
954
39561
49220
55545
50125
7957
40455
54810
41181
59022
50998
26876
4869
50649
58247
19150
48831
30818
21047
51963
20336
12393
60823
50430
53703
62157
22274
65260
52444
30883
46419
38821
43210
62230
24931
4357
43043
40522
18418
9263
3797
45751
29381
53215
30313
61444
3060
40911
38833
44991
20727
43495
564
36565
43898
25568
51712
8230
51260
31846
14472
27234
62484
63803
40214
34010
27071
59176
30451
46618
10497
56508
12434
12230
60648
14196
6295
27117
44039
39025
3106
14123
19470
57813
37969
58735
45546
45140
48910
56139
35911
53607
46229
45450
40572
43449
26439
8321
65337
30295
39494
20701
7665
11948
57677
35063
7350
4723
38323
12775
3576
57038
48262
10389
422
20297
64178
59420
41305
62884
8384
61498
55545
3778
50858
41692
7242
18915
33018
38031
4453
7820
33792
9403
7536
43007
39162
31655
39655
57504
51986
13876
1319
49197
62096
2241
14486
4108
11765
57839
20263
35222
8743
23062
36774
7840
48691
16917
54508
18811
22272
52081
31113
19500
4165
62179
47113
18319
33206
38719
56411
27669
2739
24040
45165
42779
63903
38659
19978
6822
4426
48572
35331
41860
42736
7446
61602
7642
14166
56053
8998
61233
62621
36846
26980
41206
47135
17410
25598
19932
8777
36411
62494
3648
10200
4920
27462
26565
34973
41610
41544
27824
41523
40074
38968
4385
21849
52588
19313
29932
50402
48713
35469
36875
7617
1324
30229
6769
8846
7803
41314
30023
52984
16435
7776
36275
15684
4970
29194
56061
54794
20438
20998
25704
8515
12123
45695
47456
59222
39905
44724
59640
30097
46026
40919
30567
28401
49664
12677
13707
43340
5485
2441
56643
51297
63125
41657
25358
56303
65509
42400
61863
16010
54664
55824
49879
28666
57129
42770
27234
13713
59017
16516
61588
24687
38969
26566
6816
15751
5728
64316
39669
45436
58553
13962
51202
45074
17509
63522
3337
9587
24225
12066
13194
26986
33857
8995
53212
39252
11566
944
15354
41915
42072
46425
62574
22179
26630
52305
62062
58747
39521
38374
56638
7890
65306
65436
54852
47988
16180
11261
19354
34482
2149
20273
35006
29059
15691
36188
13989
9461
52912
28883
51176
8080
40214
15038
52781
40017
5235
53605
8238
49232
19027
30722
63962
46775
49544
28030
21458
37004
55451
55705
36027
32090
24940
15968
37289
57108
19549
23796
62478
3778
15157
16135
2383
32752
39646
34995
53107
51401
21710
45690
1498
49779
59556
39024
13074
37449
9075
64847
41187
3758
54985
25436
40303
55068
13134
55476
6948
35681
47758
57467
51971
23528
17428
6970
54903
8378
49481
21374
45115
20726
46129
7346
50386
54046
52196
27905
9822
34143
8737
20331
51841
42457
62523
60035
9202
34815
25893
42872
19653
43352
11825
44946
57155
48898
54666
63997
32402
11221
39214
5955
20947
38211
17397
57583
46930
43364
41122
14867
36327
33098
1923
892
6941
63715
17835
29035
44905
20086
17258
33817
47533
57408
34420
55861
4968
30669
54982
41217
43675
42543
43530
34756
7753
19666
1440
23663
65129
6557
22274
39224
20305
34134
35919
6138
49211
10033
54724
50106
34096
21952
57720
18973
61151
25790
22412
45132
3836
52468
23546
53813
41752
34428
43100
27881
23234
47196
29913
7195
26164
43417
32464
25758
36745
10519
5761
1977
62643
12918
55403
51867
25097
28520
34160
15002
3165
43365
15898
6393
16277
47398
15709
4017
20245
53023
57735
23215
7345
6771
21915
36294
14658
60710
17710
17663
18480
56026
48901
47005
11443
13724
8310
20939
23138
57161
49485
4599
42042
29163
1341
28203
46351
54011
13201
33328
4437
28287
18455
28403
11401
21111
47947
59493
25484
18669
4410
46647
31
14943
5068
37877
29787
22253
49854
24299
5149
56606
5585
12014
8148
57895
12021
63321
8593
25284
60999
23167
63789
7956
30541
43828
12130
23252
19926
48785
414
40634
14615
24487
51147
36870
47397
6324
39921
28223
46535
40618
41413
10846
33600
23879
35240
46450
37396
7527
55174
4081
38898
17150
24685
18211
51888
64350
57163
23570
3756
59242
46426
23315
45559
41293
9704
6696
55779
61886
3684
20612
7854
17803
29087
24709
23286
6303
58572
22462
60461
8256
43593
53231
38800
48764
64143
32521
23267
5943
26161
19662
49068
53623
55584
15164
8768
55138
38373
20661
26880
54122
7730
31949
5896
17816
3009
15969
63445
28646
14606
38467
1694
10200
5367
51705
34751
57735
61399
7942
62041
33816
63238
51592
53842
49104
58512
26286
50105
34739
1812
22184
61200
13508
38531
58822
47209
34552
11352
40522
35311
2570
46126
22958
65343
20632
13070
38182
57199
261
7604
65231
20649
34189
54856
31659
33267
52918
63086
44553
2502
64512
42465
24306
23312
64322
18114
20194
32729
5229
63560
46680
5582
45148
44404
489
23814
62479
36623
34871
45817
25316
32140
37159
34358
21383
13742
63673
36590
22457
1915
62365
22412
26473
15021
53435
29467
59234
58725
60940
7710
59930
19315
40777
35818
5828
20644
63463
61965
36556
20210
6753
37670
45748
31308
58407
57940
60471
45334
2088
33410
53349
10573
31575
10142
18453
27050
14493
25657
30044
35857
30448
10181
39980
61096
5595
49985
17490
44686
2025
51661
19644
45684
12360
28842
62771
65319
27425
53067
65480
43938
12063
64485
23411
13082
32927
45915
12383
21172
31869
1611
49177
56787
11359
12936
27411
16844
19726
3491
59428
3038
15781
13854
9480
52907
19504
4917
55912
14212
40488
13040
18486
41837
45677
15814
61901
852
2269
40310
49732
53099
16663
6845
54186
8776
48205
31501
51700
39369
53130
5874
8500
61642
21432
22519
64098
9328
2564
22265
37231
20352
52857
21056
59655
5326
50073
31208
17926
3806
63731
44986
36409
11982
4952
30187
65289
62083
36856
26096
12493
12688
42623
55603
5675
34372
20200
627
2601
30046
46857
49736
45236
33686
63888
47531
25669
7876
38579
63307
57353
48124
45966
3090
61361
56121
27833
23757
21070
24089
51690
30267
767
14580
36087
18065
44495
39922
49405
7957
10613
22377
38865
45980
38042
13821
10618
36019
16696
50732
62951
15151
3916
1300
32550
33016
7800
16073
35991
41064
1051
32693
33438
23054
53777
37381
11513
27567
42070
3214
38124
52247
26087
27054
64838
5040
57468
12022
40911
9968
43327
14808
34346
4733
5706
19964
44178
24220
9459
1273
53857
9114
44047
5624
56213
48574
62942
23309
40222
42632
35990
24224
3735
19363
34182
21956
26949
2758
52207
24883
23975
11353
5769
53134
62704
26384
27291
47792
33516
44222
22255
24667
31713
54665
35807
61269
21935
15629
41748
8159
33458
6540
19616
26241
55951
55296
5569
61874
41852
55668
65017
6370
58488
49120
25227
8081
26287
53899
3417
33501
19531
6502
37688
62384
53845
26127
38381
9206
54497
498
50069
7338
23201
56725
10306
20451
47951
54938
29794
34107
38766
5893
27196
42945
7889
30346
52023
3244
33386
36306
19123
7993
18175
21641
49182
537
50446
34025
21530
28265
54878
21842
30760
51053
19519
42302
13045
40180
47691
13653
52033
53751
20621
49051
33674
6034
4855
64381
52963
34225
6186
45589
61287
50451
16519
9244
12759
39961
19699
9995
35256
10854
43906
10191
59598
38281
55408
19479
38568
29065
2963
58105
35769
49102
56006
43307
9590
301
63861
19295
54909
58172
10374
30404
16510
38495
32243
35195
63594
57946
12322
14254
24342
9874
25048
15056
21209
59202
19808
14990
18003
55792
19013
52724
44213
5599
15315
12913
34409
62325
51956
8342
19538
39212
26078
10129
42152
28792
25838
12701
61114
61051
38154
50551
31215
948
59186
25264
11298
52534
53144
15922
63050
25390
60695
27867
56393
1631
31811
36039
33986
15126
46278
40824
39332
29417
24951
56700
24517
45817
54647
10414
31531
8979
64227
60834
16470
60314
50815
54788
63425
51551
64008
45305
59271
42666
33735
28350
65125
63073
16812
30958
3260
30494
61338
13151
38416
16532
41882
59878
21888
18463
24553
55354
18607
22423
45727
3165
13581
37526
53405
3076
49844
63174
15910
61808
28989
27886
61549
12150
5060
50039
22419
34238
21327
45384
56906
35482
2533
1868
25100
56242
12876
42097
36297
23509
23284
26608
61216
16168
1539
26203
44477
34123
29269
65453
34132
42924
9217
55897
8196
21336
21882
11648
43255
34569
23832
37703
56922
49783
42281
9489
40325
57885
6362
29520
62116
46039
33265
36024
19967
55778
294
46573
34235
12335
14985
21858
8702
39316
62454
29623
54157
11961
2277
32870
53043
508
51057
45017
12365
30737
13641
17125
1266
37409
59743
57219
11623
4715
51629
36145
60698
26937
18198
440
63771
57914
18236
34220
410
17687
7590
42981
13014
33113
19746
38244
40375
61127
6064
23601
27208
16175
25483
64947
56489
20510
26468
17756
45652
38589
54592
14770
10943
22469
6393
21306
62050
13510
22341
47891
30019
11838
821
30433
14929
46336
14784
33417
5933
42734
36421
45928
35986
54933
6824
6086
40153
27795
47520
21913
61716
898
63820
36692
24667
16544
12395
28488
56375
41172
55173
34508
65184
5229
54996
44081
29856
62141
13759
32358
47187
33979
45838
42427
14816
34342
65323
34243
81
46603
1079
40718
4591
59076
5084
56777
9264
46318
22151
26244
41274
41420
63900
40496
49601
53524
46711
16080
494
4117
35518
57850
20579
34348
61843
14162
55643
13106
175
52454
9629
34920
3612
42106
60620
9685
41583
9848
40632
39357
39254
8984
43567
17833
10156
27982
45193
10589
48367
52912
33384
8518
64597
6057
62563
11097
33399
107
42172
55172
22692
6578
14984
51155
4327
41267
35593
47142
2615
8812
33079
35924
39990
12372
53972
3419
19626
13477
27164
32426
37629
3667
57942
42341
38474
60200
5526
6959
1084
62143
21339
648
10023
10039
13223
3143
50622
58538
57621
38050
20960
36576
63303
6467
62866
53908
3100
59634
3147
50310
46603
1686
60265
9182
30032
17373
14410
11943
31948
11030
21484
47947
53959
37707
46182
7940
10399
58939
4315
57478
49817
19803
63264
10869
50156
58954
21302
30688
17874
1296
25341
25770
18863
40869
21758
57525
42127
4731
43539
3996
37500
34264
38780
2991
2276
55175
13524
63357
34583
55565
5966
62381
59346
22412
17177
65509
23823
47943
33653
53721
55222
63546
58771
35597
34522
18624
7644
23045
17046
38804
6330
23364
7478
27220
56706
11525
58767
49602
5367
14284
45289
14842
48379
54387
17810
34113
896
54294
63249
49506
31384
35275
5030
11081
39004
50288
58275
6154
37482
41007
22661
13897
1526
31932
18633
53658
11397
9097
42738
26825
45545
34963
11172
13866
36122
38411
64458
16805
54963
65223
64639
58078
11206
26927
21819
4614
65330
40112
15158
59621
43315
44528
19268
42685
44534
16755
30181
54137
10938
29795
3745
34585
8450
14506
63139
9353
41087
17620
49678
3514
37142
6777
29568
43175
10906
7727
41844
18192
51473
8367
41290
24458
6065
11661
36848
18883
35445
10241
21038
39983
60851
46596
24486
21917
31951
59499
48004
24546
60500
44276
51383
40266
23283
20770
38388
10730
42928
5326
56579
12302
57528
30699
24687
28530
25917
51464
4894
33056
11167
6963
49044
17723
9484
28314
50293
23521
46882
16747
43929
25685
52548
16074
37809
20085
37421
32995
44742
47365
8232
54753
50760
35275
1422
38140
31764
49662
9903
10683
49331
31152
57817
42146
49330
25713
34120
50552
27668
51451
6778
8905
22344
57318
58768
14424
33234
63780
44189
62538
64367
20010
37645
52295
25317
28867
62265
5101
30804
51322
64886
1064
45787
58100
39699
52424
12282
5945
11924
49705
30915
3801
50809
46719
5786
40114
32715
37721
40487
37407
19851
53181
31193
16525
51831
14823
13730
44856
27526
15082
58544
38449
30839
38690
40919
20440
34857
27368
1676
43632
44587
5182
11543
57322
10541
6847
62064
29273
55931
33157
12989
26549
61683
48362
32275
51331
19378
4109
41016
4455
2763
55107
56599
26659
21271
12772
47878
16572
27704
41849
25856
5770
18622
10620
5774
45659
26378
7829
54074
64435
28768
44071
50993
55137
60041
7605
59095
60
23255
6283
25755
37567
21637
4038
14348
19985
14609
54227
59163
13228
9743
8494
34208
15483
19234
20957
8172
31587
38384
39985
38563
30312
58491
53238
62832
40251
21763
10341
57299
47899
47590
55986
61844
20036
57663
21888
54456
18326
5669
33993
6959
10005
57453
19158
46171
60213
4842
18452
7165
35843
32974
29982
44397
3769
54337
53031
46471
24482
17847
22069
45163
26707
1875
51156
18113
8333
13660
7446
21088
42587
48978
5649
27583
2767
8236
43912
41583
37869
50243
52499
44953
53908
33611
51134
7033
64588
58268
20390
34833
209
47993
30933
49204
1963
26755
36732
49758
64786
20922
6997
13034
18432
10751
26081
61979
23118
4875
2941
57317
22456
59367
24709
18757
61424
8809
2099
8935
27610
59353
65271
14446
34697
11368
7865
42543
21686
23974
14429
4819
16874
13202
35472
39505
41825
51237
23583
64414
19469
30383
13396
57656
43765
15941
58825
2975
34389
29137
38316
1871
36430
56165
53256
52758
65290
34524
24995
48232
42738
61419
19398
46190
15037
58113
12899
2422
47558
43806
48095
42468
48633
60999
38100
11318
42332
51329
6060
49983
41775
8914
37009
38467
4388
54310
47766
34796
42698
38957
8418
30564
57476
46945
48340
19098
8417
13718
39349
64458
3388
30684
18938
16482
30203
11362
40178
23836
58283
30120
36638
131
11695
24945
500
29246
11563
55042
59875
26601
61428
63164
14353
2654
26710
48188
16456
42867
62169
13661
26144
1021
37302
2673
62053
56185
1702
28480
9742
23156
63908
34264
54127
42981
13871
47894
34013
12187
39444
37422
44134
28370
16348
61892
22449
62542
25320
35651
42865
64672
4202
31216
30411
43995
58263
40280
43952
17162
59965
20855
33030
37701
49132
6726
20912
17663
52893
63329
26747
22087
57670
56336
65482
30852
21481
11254
4033
47326
56771
14092
59915
37261
15098
65041
11308
61320
18424
39529
60083
12745
56553
5005
7419
48216
40848
10802
28527
16963
17583
19935
38061
32333
2304
9319
11172
12880
46064
62776
4681
52139
42229
15220
45469
48846
48652
26407
18965
12126
65068
18121
43509
12894
48887
11986
55590
33561
61530
37504
15428
38980
24060
19721
58593
64295
53292
3293
47882
55304
26321
19265
343
48659
36071
37801
41442
50044
11098
42992
36077
62280
58632
55099
16225
6675
46621
58922
13230
43302
62673
35265
26813
38546
24002
42066
57754
18377
38848
26293
52808
32083
58909
15322
1980
55905
8655
37697
45407
7844
26709
63953
23185
4243
24735
51570
63505
45900
43588
63483
54310
44685
13951
32899
27553
63232
25118
7655
12908
44801
42434
49650
48954
31747
25701
7038
18010
11906
3034
25784
20012
19314
19594
27899
38867
4610
38000
56170
18740
48424
52075
58917
41650
36511
50092
9735
20239
49700
56019
6801
19227
45117
136
13110
58132
63318
51461
49220
61987
6723
16954
51112
45509
11492
47339
65343
29704
58259
15139
48717
1832
52406
37663
15333
56286
15121
38516
44899
35974
54481
9148
18809
33677
3157
17365
56552
32838
6956
13978
39079
44346
12433
54899
35815
48187
43115
13514
30652
7920
30472
20148
44484
64912
57952
8193
18082
20161
4330
22312
34861
64907
62299
8829
60076
61225
42036
46502
3288
6888
59232
27201
2085
42294
56886
46562
4035
38652
58818
28214
64232
12835
39740
61716
39679
38734
18149
45154
47761
26651
20983
65322
53610
25817
20385
34714
12398
59813
41351
29631
59061
48870
3228
31909
50401
24564
701
30867
62790
35667
45179
36720
52396
44179
21454
43706
11104
26653
55529
65322
51587
46243
48702
41064
2722
63595
16042
39942
240
31113
26860
36673
36325
52298
56353
1177
10899
29158
58994
40021
15882
44081
7323
34826
37072
29257
9688
36362
63721
6795
