4292
6337
724
2769
192
6604
4569
3036
973
3528
5589
8144
6081
3524
1489
7900
5837
6346
223
2778
715
6342
4307
2774
14344
10840
14340
10836
11328
15705
12045
15701
16129
10579
14863
10335
10763
15379
11847
15647
16203
10553
15205
10549
11105
15481
11821
15477
408
8596
5336
13524
8402
9119
5011
14047
1755
8949
5113
14261
1969
703
12979
6142
10234
916
12952
5844
9936
9182
5074
13982
2308
7364
10574
15502
10404
7141
3629
15279
12135
14981
12108
6862
3590
6948
3820
14639
11751
6149
3533
14415
11399
14756
11372
6638
4113
14427
12720
6650
6352
15961
5907
8184
14002
7832
13715
15737
5171
5144
15698
6137
16051
5657
16210
14264
7922
7321
13779
15672
589
9212
2253
10620
10268
10207
1646
11615
3311
3358
3823
10142
1582
1295
9406
11087
2815
782
8447
2446
10302
2847
10926
415
13120
14788
15185
12757
4500
16358
13667
14327
16178
5430
15219
6631
4386
4898
6567
14257
16244
5472
16357
7537
5556
4980
6641
7013
9416
15577
8924
15053
6156
15611
9898
15087
190
4143
9980
15993
1064
105
6712
3727
13534
9291
15066
8799
6158
13325
11868
12825
11651
11167
15813
15321
4377
12223
2467
16377
7461
4905
15815
9183
259
10049
349
8051
15791
9123
11773
13285
4409
6091
12759
1933
2738
7156
16090
12188
844
7158
3696
12190
4698
776
16122
16292
608
8834
14084
9790
7162
2720
16278
16072
780
11050
16044
8002
2165
15389
10751
7575
12545
15421
8215
7607
8493
1345
10687
7387
8257
3297
4299
5607
10621
3089
6399
11675
4353
1457
6555
9275
13908
6111
16372
7807
1673
6047
5796
7743
6080
9795
8180
12159
9856
11794
12073
15914
14293
1622
16253
4086
1545
3591
3900
1959
12494
15150
14495
13183
2819
6958
6154
4991
10315
8867
14367
13302
2242
246
978
443
14991
12390
13278
14391
771
4659
4375
6754
15848
5561
8125
14316
1584
5433
1400
14188
10161
3808
6077
15533
11376
15396
11365
3940
8121
13480
15853
5885
1568
1644
5677
9273
10650
3855
7006
15819
1095
1807
8454
13771
2758
11346
6990
8091
8342
4250
13971
12307
3870
2442
16283
15182
1091
13634
4939
1926
2485
4915
13693
12283
13922
4899
4257
12267
15473
9398
13689
2878
6308
2348
2734
1709
5431
2352
3007
13816
9826
9386
10024
6242
6677
1645
14223
11255
8362
1641
2569
11251
9886
6310
10127
5429
6232
4432
7472
6978
5679
85
8053
11727
8354
2467
1475
9273
4701
14083
7083
16117
3488
9987
848
12021
6630
6264
7075
5647
8476
8205
1118
9336
4971
12869
13855
15283
3232
2608
11875
966
14092
1770
3961
16031
2066
1762
9284
16023
15416
8540
3705
4907
4484
5057
12647
9671
10088
13000
6127
2749
2066
85
8947
14368
5514
11619
10007
8190
53
11363
13443
7934
415
12676
10007
1896
6153
10824
12968
15010
9667
11720
16170
8021
52
13828
12004
1177
3371
9906
5863
15742
4612
9906
2730
15742
7012
6281
5862
9539
857
9681
2505
2297
12003
11666
1531
13918
4164
4298
15570
2822
883
2215
15915
13823
4104
2214
2416
13822
12377
2905
15467
9955
9028
11974
12048
12116
10995
2295
12071
13743
12296
11624
11454
4144
8741
7792
1978
15343
1352
7216
9236
14767
10125
9044
10170
10979
13505
14579
215
12502
12020
14901
4851
8106
392
8594
6582
1037
5825
8222
3430
15289
8514
30
4295
7097
7042
13509
2470
12016
11979
12028
15909
15597
15574
4764
11885
2363
2304
2213
6268
4866
11850
5604
13427
4061
8353
4388
14952
2845
3193
16075
7217
11478
11186
14742
4826
15322
15550
7500
14226
1909
17
6673
12637
40
9650
14346
8943
16215
2689
4168
8664
5909
10007
11194
607
15542
3252
7420
11628
10684
6590
13594
3246
12871
581
604
13260
1281
3302
441
15264
14079
2640
8457
11716
5711
4774
3508
13156
6334
7255
14623
13778
7573
6524
495
7539
13993
12864
13636
14729
514
14387
2820
3224
16303
9300
960
14547
14187
7209
7255
13448
6524
12862
5116
10479
6687
12637
15137
8830
3978
9416
13450
3993
33
700
4113
3351
8122
13446
10241
11005
10154
1818
12863
3467
12636
4588
14669
15281
4989
13261
665
12773
3378
11650
2539
2839
1600
6468
1549
4662
3455
6378
1681
15252
3555
358
5036
2866
12685
15624
14233
2716
14156
15305
3845
16072
1143
2290
11056
5685
8258
13400
4866
4205
14135
10616
2566
7388
11827
13345
7432
117
7113
475
2959
7509
13707
12185
5714
10715
12903
10357
213
5647
9440
8655
1128
14152
4847
8660
5232
15647
759
715
1307
13893
11097
11109
7985
13918
4075
4055
9263
12212
12968
12948
15877
5994
10370
15328
9539
8650
16233
14469
9294
5054
15972
11104
807
12938
10133
12945
1567
12783
11123
15991
6050
6295
3464
6284
4762
9578
2224
10457
8866
11745
10138
6873
12770
6509
13530
9360
4641
3560
7879
3725
5991
16360
9973
14015
2090
7741
3346
7512
3436
9699
2132
12181
2273
10963
3495
11100
10472
14169
11694
3207
1609
11602
15995
8018
13866
10651
16007
8110
1329
4958
119
8542
13650
10979
12308
6806
11856
10997
7731
13780
10705
9103
6578
6706
10050
8439
10174
9278
1515
4021
7930
7546
582
13676
12837
12709
8431
10929
4236
7293
8406
16084
639
15503
10964
8097
2173
124
9378
15013
7654
5607
12066
6743
11646
9599
12321
13771
4744
6793
15265
3796
6408
14110
15588
15518
14180
7099
14485
3611
13077
13572
3299
6808
15483
14954
179
13885
13814
13287
1736
11179
3400
2905
2712
15382
280
4590
14490
7614
13514
2876
7836
1911
4812
4298
10866
3420
9215
8697
3685
6030
14511
15017
10562
2993
9490
10004
3413
5310
261
15657
2492
6462
11691
5397
6494
13862
15689
10537
8436
13590
15268
12228
12882
7466
7097
4057
9456
3669
231
5255
13910
6446
4673
987
6484
4477
3058
5711
13692
5355
10202
912
15492
4335
7321
14547
9452
1403
2844
12118
10375
13911
14881
7787
12527
4472
8777
11109
12317
13069
10357
13099
12687
12074
10727
2053
6362
15145
3935
11965
15810
9063
5461
13495
6896
14062
664
9082
16360
8525
10112
14033
5069
5065
14037
2024
7145
434
16113
5649
10556
920
13110
7126
10490
12961
13903
7855
10332
15850
3396
9636
10650
13249
3202
11983
15176
12041
14990
11587
11033
3109
10975
526
4564
3397
5293
15484
10741
3785
13227
7034
13780
11770
13330
7363
3573
10953
3123
16370
9689
2003
7672
9971
1941
4691
16308
5472
14349
13907
7947
13791
14996
12114
4072
9532
14542
10679
239
10811
14935
12177
630
11518
12231
11879
11614
10983
7751
8812
7390
9290
5081
8879
826
15278
6301
9398
11603
5575
14777
6837
15136
948
13053
3798
12388
15863
15027
14003
12791
16112
13947
13696
15679
8675
11084
8160
1317
6649
7964
7399
9975
14891
2972
6685
216
7172
16332
15415
13448
15102
3837
3758
15021
11486
10158
3210
5118
10912
13777
11354
5635
12125
4446
14970
15079
953
6421
5916
11589
5147
15770
5822
2506
14845
16150
7538
7065
15798
7650
2419
14701
2257
11983
9655
555
13207
13677
8700
16120
3908
5661
5390
12946
814
3519
6446
10544
16348
5310
9342
3868
6334
11387
8756
14297
11796
15283
6886
1888
7853
13259
15748
11742
13331
4879
5419
2221
4448
7031
5432
213
14815
7535
12711
5399
6525
9207
4293
11151
4310
3836
14457
9282
7963
11241
6363
15798
1775
5928
875
8016
9225
12861
271
14917
16317
13178
6824
5743
13084
15012
15880
8113
15468
15703
10204
9379
1918
12241
11133
6335
15202
1355
8993
8286
899
6093
4961
13016
7135
8685
2393
13163
4493
7321
474
3615
12698
14078
14790
2786
13671
11991
13204
6973
9400
10083
1729
13797
2656
16202
8713
11724
16189
16321
10004
10216
7945
3934
11620
6007
2476
14767
15609
10352
13995
16119
7373
4892
3527
8931
11843
15050
9233
9659
1921
15762
6047
10907
4295
11715
795
12662
12435
13870
6481
8184
11231
9364
3051
16062
16219
5453
14898
12001
9970
10681
1734
4007
3650
2303
8047
4021
15913
12019
1829
13485
2797
5611
8797
10527
15348
6342
12144
7678
9150
14155
253
11922
11494
4052
14434
6771
9267
15157
14139
7702
986
10999
5635
7115
15120
12074
13253
6069
15517
14392
9431
15742
7589
9131
16196
3254
15602
14423
9400
9853
1702
4764
1967
5183
11620
16116
1643
11128
1244
435
16008
6735
8159
476
16103
12735
7707
4065
12506
7286
10430
14013
2438
14214
6178
7501
7971
5934
13523
15582
10018
9621
15623
3685
3483
14137
15166
14596
15098
7085
831
11795
11757
12350
6644
7118
6192
7338
1080
14170
1595
4394
10927
15806
1250
7879
4794
12883
3958
1934
5565
4249
11708
6937
5988
1783
15314
4588
14428
15736
93
3451
262
8687
1831
1321
7088
6590
11363
14907
2413
9900
12343
7459
7951
2893
7638
1821
13387
15910
10429
14664
12701
9695
13124
9078
4128
16353
5666
835
3100
6525
8946
2044
14160
7618
5869
1595
4923
13136
14463
5959
10219
5370
8149
8601
7116
15271
12424
12517
73
10971
1131
8801
5399
13085
10468
15686
8399
11322
15178
871
1901
9421
13245
13931
11234
11630
14878
3013
14617
6841
3529
16073
9024
12213
10018
9921
4654
5069
15504
13499
16289
439
9720
13920
14083
16323
7052
10155
11441
12722
5629
14929
1949
3933
11026
11162
8320
7830
162
11970
4457
16137
2270
3055
2778
6692
11719
9419
1771
10938
7513
4002
3735
2285
16142
9885
6919
14166
181
3572
3265
7231
3105
11442
10056
2011
14644
15152
11637
4185
15027
12258
12067
3509
10079
3187
6710
15121
4603
8134
5689
13487
7749
15447
10770
5950
594
3318
8643
12135
4316
1181
13974
9996
2749
10418
1714
7702
13223
9783
5180
732
12141
15418
1807
8107
12826
12991
180
4398
8228
14390
11937
14003
14605
8007
6383
4546
8020
3253
3175
4223
7913
4838
5454
15685
13267
1535
5986
2938
1516
7084
7172
5417
5248
4348
2771
3759
5080
12858
16248
11369
13342
6742
13874
14188
12059
15400
12650
14042
11949
15206
9323
9525
15682
7448
4186
843
2122
14668
11828
7986
10509
1453
8606
9171
5551
12348
174
12682
2038
1498
8681
10735
8083
12537
10147
5767
8443
1311
8492
9057
8496
12696
5334
1150
6033
7938
7653
10980
7018
5516
7456
3561
15463
10598
11137
16368
3710
12237
2786
6699
11173
4903
4544
9921
196
2445
15406
13671
2575
123
14939
15505
8569
6474
26
11091
14011
12529
2769
10399
13687
15250
11313
1912
6800
4649
10249
11971
14337
6993
4538
13034
5937
10085
9213
3806
10181
8505
293
8949
3054
10893
11797
8117
13998
3325
1686
9542
3165
1865
977
12018
728
8797
2412
10729
1550
12994
16324
14710
14979
901
4608
16069
15664
7120
5846
6750
6571
16151
6246
13475
14166
10050
10820
11510
10500
14213
12625
12240
5411
11497
15515
13500
3769
6721
9
16090
1247
11356
15406
13693
3960
4798
13368
2795
12526
9379
13521
15606
5328
7882
8909
10455
1578
12178
4095
6543
3862
9753
1792
11710
15143
13719
5626
14222
8471
7469
398
11056
15785
3747
11982
14526
10319
11579
15297
16053
291
2294
15222
7032
5174
1990
66
7670
4792
6830
10542
6635
5797
5914
6432
1172
3034
2674
14834
6652
13296
1974
11928
6878
1632
15413
13501
8541
5231
15394
9313
14399
3341
6521
4593
12153
6731
367
89
7175
10549
9268
11452
14684
10444
6183
3479
15740
8195
4830
8079
14213
13162
1275
8898
5053
5970
10076
10765
9175
10040
14177
9029
4666
5845
5318
6551
12701
15825
5753
7798
13790
1696
14636
6970
6795
8680
11110
10400
6924
8303
12743
5073
16037
1478
8907
12992
364
14863
14442
6780
7117
10910
9038
12351
14831
2050
5528
1341
3897
11649
12528
3216
5465
14305
16041
11788
7835
15395
12193
11465
13568
6072
8696
12637
15193
6581
13792
6124
15289
1136
2383
5895
1814
2707
11405
2134
10063
10954
3035
5523
3966
763
3730
12242
203
3406
10692
14220
10141
7772
11467
14602
2973
8198
13169
4651
5159
2677
7058
12340
13219
11761
12084
3694
13686
11044
3127
10486
11105
13619
14481
6603
8135
12639
11187
1529
7957
4256
8845
1897
5675
13908
2108
4300
3817
11926
5335
12595
13551
5264
5686
15541
8848
751
2781
12089
15995
14252
2740
11079
5727
2120
8065
9986
874
13454
5397
14600
12051
6391
15983
1772
15339
3087
4142
6878
3269
15137
15188
983
10175
6539
7189
13041
14191
8464
3674
1187
9504
7594
4622
408
1782
15996
13306
14595
11192
4914
5416
14652
15954
1752
13532
15909
8102
3897
5726
11981
14250
132
9527
3619
1219
2362
4393
2309
15463
12702
11692
1720
3477
108
266
5532
8446
11527
15759
5787
7291
855
12654
16338
3563
6145
5798
626
10787
373
1864
4689
14010
7660
7635
2311
7767
13569
289
6479
15780
5874
7098
3950
10047
13861
13736
11454
12083
600
6187
9252
688
12805
8515
8781
2478
14619
10815
5680
12863
650
513
13177
6298
10287
2429
13682
5094
5771
2443
7671
759
8452
1912
5314
3076
4809
9889
14208
7472
1021
5045
15
6124
2337
577
9101
2365
6128
14165
9455
15401
3946
2929
14974
15973
5312
8454
10346
5138
12040
2755
3210
31
15109
7756
5920
15690
1616
9728
8065
4884
10254
12943
15331
1947
9586
8725
12797
13978
10315
5345
8688
110
1426
11824
3379
4965
5785
13595
10
9659
8263
1154
3675
4109
5617
8105
10936
2854
9447
5765
16332
3502
9200
10827
10436
12640
3111
1238
630
12808
3919
2030
1377
3047
13984
3106
10103
5897
10830
3866
3477
5169
15075
7754
14811
7538
10436
9200
14481
8392
4723
15398
12389
1481
14194
14627
8770
14897
2186
50
13990
778
12721
1335
7766
1551
10936
9530
12221
8255
15569
11396
2780
10625
8748
4282
14024
12098
9455
1785
8353
1757
3440
100
7403
1377
3788
5671
12415
4898
3476
1510
7127
5029
10910
7315
14612
2768
5504
2412
10698
8435
16291
11079
3776
16198
8214
12352
12090
9731
14675
4715
14316
1064
7190
14371
15933
6664
6580
2622
5340
10261
3082
12624
11760
12005
2810
14000
10322
13498
4261
8328
438
675
9916
10088
14730
1347
4223
697
6047
1369
7196
4468
14671
5780
371
8333
10391
15058
11573
3279
9460
3567
6664
2432
7205
3680
6535
9666
3577
8738
13100
2820
8046
10054
4447
13324
13304
6222
8740
7105
6901
11516
5782
16242
14470
15218
280
2064
4699
9298
7736
11427
11095
225
4552
5200
13691
12515
13164
4555
10701
13688
4289
10840
14876
15830
6255
8382
6328
8445
1348
21
9068
9382
287
2803
13045
11840
11593
9231
10159
12009
12745
11112
16273
8590
11784
9685
5596
14590
14200
7589
2396
16325
12355
4676
13696
6306
5924
10804
16077
8402
9107
5026
7139
11218
12169
8657
2719
6561
466
16070
15630
14845
8590
6746
12564
15002
8937
12296
3211
2168
4107
5268
16346
11492
2789
2152
11897
11508
2963
11909
7989
2585
11364
14587
4603
15260
7649
8509
4237
3581
11136
1480
2867
8532
1833
7182
11710
14482
15953
9489
10135
15575
3637
6803
5662
853
12435
12284
11053
6557
10843
6084
6985
16150
3280
10562
564
12420
834
4474
7671
2236
9950
646
7910
15038
5655
3644
5423
13828
2796
14742
5009
7965
9205
14411
9048
4351
11287
8369
5125
6281
9313
8556
14975
6484
15782
6177
15483
6652
5742
5462
5930
5259
14672
7421
3597
4895
16068
10169
9669
16237
4790
2693
5706
2904
9859
12737
13245
12316
7418
1624
10174
15644
13674
13358
299
3946
9436
15199
5971
5933
15515
3014
16067
13274
6252
6736
8554
8468
2722
10953
8140
4493
10559
8518
6566
4575
9706
4523
1889
8498
14791
13308
9838
5899
4094
15473
10939
11757
13592
9308
9632
5317
3120
11217
15643
6984
5044
13536
7225
15213
10659
2856
8771
1189
15096
15757
13795
1899
14646
9887
4084
16275
462
13702
2179
14859
1110
11924
2047
8473
6221
10379
863
13209
2737
337
9889
6723
10717
8155
11946
10019
5309
7078
15446
2751
14625
6378
2673
1016
12390
7319
15207
1925
14105
3056
13156
3981
2581
9733
3714
8824
16276
11071
2483
1699
6991
7224
13503
8053
665
10617
8724
11524
12520
7806
14073
6659
910
10324
13449
8019
5652
4739
3122
9604
6367
6133
3700
3619
13176
1375
7150
13854
2885
9108
5316
5267
10696
12606
12175
1593
7521
13525
4043
9855
5134
3624
1142
7298
16189
15887
12311
1586
9613
13094
14712
5551
13840
6277
15370
2607
10640
5548
8178
1798
9755
14990
11058
14247
5418
1362
12326
2171
5086
6139
5804
1126
8131
4329
9629
7978
1167
7705
506
4912
2197
6411
11391
5154
935
6584
1205
7850
298
9254
4328
9012
15725
12078
6410
13410
10811
12105
7047
315
8034
798
10596
1036
6741
889
14263
1131
7776
3356
7687
3451
353
4259
10568
4292
14235
5619
1400
8362
2037
9106
6777
1893
8250
5476
12497
5379
12892
8965
6894
9058
9307
4439
4666
10038
8705
2600
8592
15433
2991
11823
8455
2528
15878
3301
10077
12867
1445
13387
10957
554
13772
5761
15673
8416
10214
12909
1324
4263
705
336
2181
9114
8049
5107
4833
10320
5307
15891
14278
9897
6722
9131
15312
353
15754
3659
1950
11393
14498
13193
5442
7785
11776
9284
6737
2468
9759
11884
10761
8341
3886
702
15531
3970
8249
2976
11484
9792
2555
10098
6503
2706
3257
3976
8299
9050
1170
12483
8796
7185
6119
13779
1936
6852
4402
7460
4027
3122
1988
3089
15767
8387
11061
9446
13945
2100
2902
3347
9121
9700
3110
10984
13764
543
15914
12014
3078
14360
1069
5210
2934
1143
14402
1623
6846
11936
4757
15587
9167
5140
12340
1655
2688
15555
4146
10704
15498
4964
1531
14771
5171
1500
4931
8559
13365
12902
9465
12838
6525
2194
7693
11002
16288
4174
5261
12903
3153
10939
108
11476
2555
13320
12070
3836
622
14662
8808
13216
5775
12520
11206
5288
14172
3188
5978
10740
3291
12584
6922
14056
9814
2996
12608
14551
11060
1419
4275
14615
12640
12473
9601
2249
6954
11656
14512
3402
12751
12310
9518
15508
12151
456
312
11722
12518
7188
8328
15100
4309
2850
3693
5820
9352
2957
3778
12049
1336
2514
3229
8562
16297
4268
5603
6367
13046
10497
1285
11698
15528
5151
2433
14812
15885
113
13138
6415
2499
6992
10355
662
1351
10293
6934
8421
3035
6472
10859
15228
15533
721
4611
2231
2458
4910
2640
15836
5018
9797
9452
5944
10864
9309
9972
7269
12835
4757
4156
14977
12085
8472
9137
12764
8090
10821
617
6709
2356
4456
8213
14815
3436
12930
15811
271
8405
14279
14470
13850
681
6732
5389
2776
5783
389
3780
15821
2430
13968
10048
4636
4181
9481
5764
15357
13651
3304
10938
5921
16004
15018
7416
494
3904
13656
4874
11604
7791
6721
15379
15259
13621
3214
9346
5452
12877
899
6218
15261
8879
11602
2549
587
6362
3513
10526
15648
9234
9614
297
13462
14138
8793
1790
3069
4815
7474
3235
13578
13256
2657
9592
8093
7073
8438
15956
10017
11644
3862
4532
155
1191
6627
1857
6383
1518
10116
14630
16213
15209
62
2674
491
11720
9809
8582
8031
3672
14565
12511
1666
12694
4215
6221
2917
6754
10809
8707
15160
15715
7298
5304
14047
10200
4453
8308
11041
11667
9926
6305
14207
9495
15000
16300
3107
6317
13933
13145
12816
8312
917
1697
476
8955
3131
2319
16367
11655
12808
13444
657
2743
15522
2585
14255
5862
2460
6554
1586
6937
13258
9164
1229
9604
7684
3586
15685
11173
886
4976
16314
7923
393
6346
3589
6709
3322
852
8107
14379
7508
3453
38
860
11752
15809
16194
6338
5147
1074
12955
7888
12388
8269
3583
10879
3840
10552
5714
5724
10550
13380
3899
2040
12383
13143
5152
13637
11731
11995
8442
10297
1902
1126
3053
11295
13449
14209
16183
14324
83
468
9262
13582
4340
13451
1847
10502
13293
13037
10
14027
10935
11191
11685
916
12578
12322
16208
6134
2954
2698
4863
15566
9765
14341
5602
5546
14413
2986
5671
5361
15240
16329
288
11179
6837
7924
6866
6148
1193
232
9375
14382
2352
3441
16237
15803
4802
4825
10282
2347
13272
2416
5675
10831
3545
12250
64
4080
7772
15455
10301
5209
2883
10560
8167
5561
1045
9750
14234
3070
11368
11084
497
817
10636
9237
1834
13296
12119
11703
8193
11351
13598
14334
6100
8974
8816
8336
14970
2894
4615
4327
3503
14709
9682
13776
10756
517
7633
4743
1378
11404
12983
7863
704
14071
5550
14766
14414
4512
9349
2181
9661
12593
4712
15976
7987
14045
10470
11407
4241
5633
10783
6760
9315
7571
7917
6783
10240
15086
6443
7609
13817
3081
7874
6736
8070
1741
9480
8602
639
15247
14577
7091
3596
1610
5109
9496
8931
2622
16154
14204
1232
15800
825
2911
11214
787
10362
8220
6267
15107
1410
3556
14181
8120
10908
2620
4434
9506
15948
1414
10912
4469
1470
13774
10310
3550
773
13173
14769
612
9652
5572
10109
1720
2147
14355
13962
3423
6548
5397
9324
1250
13723
6243
3216
13900
7527
15787
12464
14711
5633
14029
3805
13313
6278
14410
13254
3399
8753
765
3499
14199
7260
5710
12675
10275
4078
8761
3094
12747
12923
3067
2252
12989
1611
16331
15127
1738
6201
8633
15593
13938
644
15108
3890
13039
12639
12651
2792
688
14643
900
4214
12200
9133
11061
14608
7053
10082
12282
5820
10594
796
2948
12187
8367
7232
5336
55
16361
13292
10216
10577
2116
1789
7232
12396
2451
8128
5845
156
7960
9442
11767
7503
9392
4356
6161
2998
8160
9242
11535
5733
12186
14793
10627
9876
13392
15175
9243
12744
3637
11291
15951
6405
1311
11491
16055
14202
2183
5193
1565
7221
10266
486
5042
12874
3511
12185
3761
6343
8398
14008
934
10632
4695
2039
14330
4696
5991
10994
6911
8623
6768
8971
4870
5663
1525
14432
2157
9704
7735
2967
2647
15928
14752
3535
6240
2449
13868
14950
11758
8461
12907
10484
16252
8161
8284
992
5224
4910
14918
8409
14161
11714
4735
7733
13876
414
2264
16242
9241
2645
5578
13497
15859
6016
10217
15508
13790
10843
13764
11265
9547
5416
12473
11204
8846
10483
14188
5663
5326
7524
10517
8383
902
12885
11562
3982
11007
2123
12162
6366
15791
10165
14538
1747
9122
1355
4044
14480
7649
10933
13770
5998
15658
12315
4820
8165
6176
13964
435
6514
15285
10033
3251
14652
7163
7814
10681
10790
2273
8995
14674
3293
11802
6804
11691
13674
442
1005
14349
14938
1049
7562
2597
9277
7900
710
3639
4572
11069
7227
2964
5296
11857
673
9469
15126
503
7260
3059
9707
2405
15104
6040
9725
774
3386
4625
5063
15647
15457
4726
14605
6101
1854
6165
3150
8854
3649
15303
4284
15972
13598
10805
11235
12817
1241
2382
16262
4128
311
1548
14952
6142
9882
13356
5081
15951
4390
5661
12658
7396
9810
15096
7437
12443
4590
5845
10929
717
12103
13681
6395
1033
4645
5378
9625
14639
2534
5578
11085
14331
5161
4878
8428
15450
9382
11677
4890
4012
14697
15950
3797
16128
12978
8911
12157
770
4617
1066
4038
6137
15408
10602
14225
12206
843
5480
14785
8702
7394
8150
301
6418
9113
13754
15958
1178
3245
15329
13270
32
1800
291
14451
11087
159
8689
3791
7667
9056
9547
10968
14820
10298
14463
5953
1149
3013
3566
13502
3367
7954
11992
15597
1025
1282
544
9981
14257
7012
10885
16243
11839
9345
9123
10645
14553
500
14333
8715
13127
15889
14643
7662
4722
126
11671
16283
514
1059
65
15302
3727
12376
6865
9918
5111
3779
2721
7828
11229
14404
15310
1953
13032
1759
701
14650
8301
13605
7926
3006
32
611
9728
15608
8051
9677
11804
7655
15980
10802
3665
6239
15316
12441
15865
3586
11657
16230
6917
509
14272
4810
14399
7477
1024
8736
194
11743
9790
15234
5526
15930
13787
1204
9814
14140
15581
3020
12191
1075
4050
13562
5656
15109
10442
10537
6140
5663
66
1152
11360
15286
5607
2233
7214
447
12270
7238
13478
4494
16351
14608
7095
1574
10359
11759
1295
4825
11761
2000
14606
4911
8224
3074
8338
6397
15914
3925
4411
8036
14771
12410
7402
7529
15294
1245
7805
4130
14069
15346
5986
12045
10966
10311
5625
5992
192
114
2212
16221
443
12822
812
12315
3837
8684
10554
9051
7613
15111
14111
1064
15054
10493
8235
6098
14517
14001
11087
9547
10240
8292
6224
13214
3940
5357
4417
1965
15191
14784
500
9189
7967
4856
6126
258
15864
16341
2017
11311
7900
2766
13297
10211
144
12480
8220
7661
12307
16138
9737
6978
14012
10393
14405
16065
4927
11533
15723
32
11742
15006
10818
6067
14686
15728
11981
10979
2052
10376
4484
16155
1709
506
899
9337
7631
3029
13017
11995
5997
6098
10171
65
14839
7677
9457
2670
13820
9438
16339
12017
4112
2448
6152
959
6978
11557
3616
10119
16250
14932
11212
12278
14091
10351
3047
8768
15037
16158
11910
13617
14735
14823
12030
11926
12
2068
281
8037
9336
4819
1107
6818
8639
13533
15824
15606
2027
14321
15985
8320
7069
4607
6386
1678
7161
15032
15863
7350
4352
4117
836
13851
9671
10861
9830
3129
8165
16334
11423
15615
12067
10958
9887
3264
7964
16237
11324
6499
11037
2525
16062
7294
8
4684
12289
2031
15010
14288
12450
1814
14939
14842
7095
15358
1715
15857
8166
10322
5407
13275
4502
9848
6037
16148
6591
12606
257
12552
1673
16162
2297
11406
3240
4198
10173
11709
6716
14844
3623
11934
15482
8372
5999
12205
6188
8583
7759
4319
8060
4588
576
1480
2818
1275
12116
7603
2322
13353
8070
7127
5405
15773
5682
6647
9727
6340
13163
8083
4441
7840
14203
16173
12575
14665
8193
10563
1136
12071
12502
2686
52
970
7227
14973
5966
7071
1134
15996
15334
14360
10217
3711
9036
2075
10158
5082
6061
9177
1664
8945
9287
4850
15597
12661
4165
10528
1855
14301
12651
7037
13666
12703
14585
412
12163
14135
12673
1844
7651
11629
6987
11205
2114
10885
12962
11309
15322
14028
12872
1169
4966
16334
10217
14173
8362
8108
12253
6404
3827
5806
3721
4102
11835
14227
10041
16017
9328
7824
2280
6034
10684
14795
8584
2567
13353
15803
11203
14287
2529
6427
15254
4121
11831
7531
2835
5225
1015
2735
1927
3807
8326
3102
11536
2158
7573
12216
3520
4720
1931
4031
11953
16363
10768
1853
7421
845
5814
10042
1588
9034
15972
8049
7779
16246
6304
5430
214
13617
6687
2455
10323
9228
2850
7031
3735
12219
149
4935
16159
13120
7278
423
5191
8608
13531
9758
9787
13566
2136
4142
14373
718
4989
7733
8949
5506
1073
13949
7798
4023
7684
13865
5054
9417
13690
7777
13930
3201
12270
5543
1958
15855
8468
4457
4760
14625
14156
4703
14980
2154
1543
14223
13438
7735
4186
1931
7469
12227
8622
8795
8618
2579
14770
7722
7266
15354
4228
8968
2316
1752
13707
14124
7384
8561
4642
8170
13806
5695
9580
3938
5915
10930
6625
10148
3488
628
3261
315
9339
10749
6153
385
5456
10567
4075
5578
11550
8836
1064
11643
14762
5934
12674
9331
815
3253
10777
7362
2067
13316
6999
1892
9190
16341
856
3585
8271
14000
11123
11563
4598
6273
1346
10167
2553
5482
2217
9895
5985
7702
981
11323
629
5258
12924
12291
14560
15007
8452
531
13281
2191
9973
1011
14445
3608
8290
6887
11029
9579
2833
6882
9739
4222
15876
1014
12804
2410
13709
1705
11417
8125
5313
1572
10888
7984
16007
10789
13209
342
8417
15993
4821
9187
596
11320
2019
13612
5275
14436
5320
8560
8138
2882
2966
7966
10763
5186
3537
30
7930
5841
3020
13412
10880
10142
15885
10913
13381
1494
11810
4490
3950
13465
11530
8389
10619
9328
6196
5439
1008
9258
11862
5477
11646
11854
15697
12427
2192
7590
6106
3793
14026
14438
1267
2345
12594
2958
498
15041
10229
9415
5149
5935
11268
418
12535
12874
13814
13746
9951
3048
3156
7291
11566
11862
10730
12537
11814
785
1197
6448
10341
10968
15047
15010
4878
4971
5267
2144
16108
8617
14511
3310
15271
10576
12374
9087
5619
13494
11696
11148
4274
581
6979
1053
12945
11732
16057
2296
4392
10089
2606
8273
14746
4032
7097
14643
7928
9429
12460
13220
10863
7406
2199
6544
3116
13825
8824
4871
2764
15510
3998
11540
1289
10115
4464
8900
3580
10323
2844
700
11615
14983
6600
7305
13233
14650
6773
3165
4370
1738
9605
4712
15696
6399
7478
4310
771
3811
9228
14464
14615
9909
5461
6469
14326
6904
10520
3931
3788
508
12828
13079
44
11554
7874
9481
9374
15164
5247
14381
609
11827
4547
3288
4861
6854
13903
13848
14511
11548
405
9014
15635
14661
5580
4844
4417
1266
10363
1986
6631
4572
13167
5016
9793
1718
10856
10582
15117
15480
13227
463
8185
5526
6725
5285
1790
13017
15626
15625
8776
10279
10228
10339
14904
15693
13224
2316
9922
7270
8657
12468
6040
9694
4072
16160
11102
6255
12889
7691
14631
11213
507
2010
8577
4784
14470
9969
477
13211
3465
5457
11426
13434
11908
6349
3343
14822
11603
155
13813
13113
10124
826
5880
16272
11045
10599
3712
2124
7417
10950
16132
3053
3923
8719
3314
8622
6355
15192
6003
14585
9975
3877
16015
908
7554
1316
10511
3231
4753
14065
2131
13648
11102
15600
4315
16209
8759
5089
10294
6624
11836
8604
8815
11165
15079
4690
7099
7489
3131
5187
6064
8055
3597
10959
9780
8398
12724
11486
12077
9951
5861
11848
4340
10329
4502
7621
14305
7124
16120
9325
3964
9819
887
8747
2063
12926
5970
16304
4230
14753
7309
14838
5074
16359
15882
9619
14412
9173
7276
14875
11914
15453
11742
14210
13655
9127
12836
928
5937
13741
9262
3294
7272
2712
6939
14588
11373
16058
1466
3814
12696
15044
12571
1021
3507
14303
15798
2282
14063
7904
5257
3072
590
8074
5603
15671
8474
2325
892
14813
14227
3583
3430
14387
2444
15577
1004
16196
3638
15278
6335
11569
15339
11355
3914
1043
13665
2427
10858
4862
420
5652
13573
15324
2734
16182
12339
1788
6417
12254
14657
13467
4151
7609
6973
726
12280
10230
8562
550
9866
10101
8689
14701
6209
4175
5835
14749
7473
4287
685
14598
605
14838
9881
4079
5740
3871
4892
14373
11735
14502
9381
4192
2531
12999
11972
14296
8793
14120
11051
8093
1566
8045
6912
5368
13125
15549
2951
15218
12554
4919
5453
5848
16119
7353
6851
9224
11888
16041
14547
10703
9156
394
2032
6943
4455
13146
1112
10511
13960
7135
7728
9405
1512
5741
14155
10574
15103
2910
10872
450
8343
3994
11964
16305
15552
3425
11335
5949
13928
9709
9479
5104
3467
15228
1119
8071
10499
14091
9131
13808
16380
12596
9620
10272
7844
3382
6550
2783
11419
8787
14067
5903
8587
16259
4770
10317
3954
13725
14182
6714
753
2026
4065
10383
15838
5261
7302
209
6170
5239
7292
16181
2998
8933
10990
5995
4000
2747
2153
14225
8247
8143
12458
1341
10757
11619
11795
7153
15807
6923
6267
10820
1404
12911
12575
5790
6260
16064
15792
10027
2067
3957
10064
2702
5861
15163
3497
5894
5776
9907
1783
10780
7167
888
9020
12432
12550
13224
5100
7471
13341
11418
3294
1955
1589
13846
8390
7537
14922
2045
2898
4203
3086
2791
15910
5589
15165
9477
4548
3276
4265
3464
14665
5946
5006
3510
14711
3619
4678
5295
15585
9758
9720
16135
8245
10089
5426
15984
5370
15950
6109
5827
15433
14674
2825
3347
10137
303
6440
6198
12988
1587
13416
7978
10970
4583
11718
5883
5829
9154
46
9438
11630
12795
16207
10795
9115
8380
848
567
2951
5985
1305
4221
6605
1574
9674
314
10676
15976
14579
12079
14858
11489
4449
15782
12722
12268
14331
2032
3044
6597
9285
4645
7729
8779
775
13068
16152
5218
10722
1317
7316
8603
10941
6066
1528
11923
8712
6330
2285
14739
12207
11334
15377
14936
14019
5704
1567
10145
4705
4488
479
9322
10481
4675
6239
4004
7060
3183
11590
2742
385
2429
15121
3773
8115
13491
1759
8605
10922
9482
5990
3714
9801
3401
16165
8610
10901
8809
13180
6163
7260
14131
12531
7220
3584
13076
732
6999
3647
2798
15142
8068
3504
1442
13418
3123
10178
8979
4827
2272
6868
10176
12748
1597
13599
750
10925
5214
83
4237
15685
13884
5943
14704
5304
6235
3158
2083
9707
1590
11426
741
12077
10321
15452
11394
15817
4934
5038
15649
7056
12654
9764
7945
14042
5583
5678
9372
3407
10045
12407
561
11234
4134
3315
15937
6034
8916
13726
3251
11163
13416
6505
1690
3164
12776
4226
794
10735
16234
5483
6599
13106
5062
12972
516
10481
5160
10870
9946
3119
14468
6638
2678
3061
9675
10073
2407
13591
10697
3176
1381
16368
8635
10026
14968
237
15465
6600
5184
11989
266
12532
11686
5939
7384
14713
12404
15957
11170
9095
13936
4782
11217
8466
13827
10399
4069
419
8669
16193
10139
11608
9226
14998
288
15500
7410
622
10590
9117
13452
14047
2289
7841
8335
6505
10965
164
683
8117
14931
3681
16260
8858
2982
8663
482
7420
65
6618
10303
13601
12724
7109
6602
16366
11861
3611
8096
10072
16021
6209
3936
6750
9917
8787
6363
3557
7217
15077
10336
15710
8769
10556
5044
1674
6349
15897
10552
15866
12950
1910
2074
8647
7902
8792
9298
13693
8070
9892
12093
15890
1567
15001
8401
12798
8896
4565
6220
2403
15193
2015
469
11775
7404
13414
1397
16033
15678
8580
9383
14222
7226
7362
5078
255
4902
3996
10948
14829
11456
14925
13657
9840
9180
16230
14917
15351
15706
13547
12870
2779
5630
7360
6882
6635
1407
11322
15469
16228
5160
7446
14480
15257
11410
13273
9102
8327
15813
13563
13017
15037
8702
11242
12457
12084
14639
10331
10360
12153
13158
438
14235
12442
1355
5183
3292
3037
2294
12172
6561
7840
16091
12207
12172
8157
14821
10736
4040
5334
5049
9204
9620
9175
12521
6244
2990
3565
8994
4975
14678
16149
14452
7571
3673
2074
11199
7154
7570
16222
15001
11413
10578
15407
2829
14532
6342
16037
12233
12377
7473
15186
225
13096
12476
5855
12508
3711
8983
1396
8180
11325
3135
13759
3037
6807
9461
5114
5905
15577
14393
7835
11154
9164
1567
8381
11841
1417
6605
16239
14732
13175
5796
12294
15455
6039
4983
8111
16148
6780
15047
10604
1615
11166
924
3966
3317
14720
4903
8133
8850
3907
15192
14266
6552
14060
7243
4265
14335
6702
12844
7035
5279
13596
15096
13713
14179
6580
6404
13686
15895
3289
5736
14874
3300
8755
8605
3567
2333
15819
10106
2824
15342
5433
5513
10109
8047
5518
11676
2703
9898
7197
5209
13551
4798
11031
9547
1533
15442
1765
8069
16179
4949
12282
8614
272
15801
1806
3914
14215
13178
6507
7574
7025
3555
4895
8975
15339
7468
4852
10210
16134
8446
15874
6683
767
12877
10679
7329
1093
3999
4451
8563
7915
9645
9017
6271
9820
11826
4972
5088
11192
5466
15373
10403
4347
14820
1210
1853
16229
14217
7925
2651
12803
6967
9833
9957
12091
8067
901
13117
13703
183
13577
11273
3477
8559
6106
3825
12141
14552
3430
5894
13978
4042
14943
9076
744
5757
9155
15043
1974
2619
7681
5004
7914
7780
1995
2003
7767
13217
10606
10838
13266
10653
12338
5163
3503
11571
14268
13444
11520
14095
11936
11960
7271
1909
1627
7497
10555
12314
11043
10790
12863
2697
13745
13556
11501
7124
237
1835
7986
1719
7630
7307
1170
6122
3283
3542
13883
13830
10086
10075
2036
1516
1777
5297
6124
3857
2767
15566
16275
14365
15104
866
63
6759
15675
2874
2151
11627
11894
15414
1006
5291
13538
9127
14343
14594
11783
3598
15690
1622
15217
14842
2750
6045
152
9249
5989
13944
1023
372
12848
10163
12470
4287
15648
3882
11499
7905
5817
185
5874
4466
9659
13351
9948
10748
7477
6926
3397
1667
12874
9678
15141
13317
204
2791
7340
6956
1243
306
11250
11803
2894
2821
11374
9260
3047
5802
15751
14805
5662
5497
12818
2594
9705
15778
5849
4747
15680
15985
6426
4440
11047
1061
10484
2038
13680
4688
13810
4483
14897
2346
7930
15069
4463
9999
173
1072
12162
2235
12111
2920
8410
9886
316
9549
4784
4675
15509
15462
9423
9293
10414
2664
1757
1328
10559
15325
14184
5027
8000
1094
2291
2869
14322
9488
10661
7590
4421
13187
3085
8808
6814
13563
15267
14274
6641
8529
16198
7
6132
16284
8587
3689
8282
12386
11893
4628
11503
1159
6800
7290
12873
2793
5970
9600
6460
11246
2744
10474
10780
9860
13498
4705
14351
7583
4001
10003
9701
8424
13014
5197
16307
6691
2077
8511
9161
12113
8302
3202
5404
14832
3349
11697
4501
6339
3567
8712
6073
8063
2643
1766
15042
10688
15596
14154
2814
568
5908
5028
12160
9942
13729
2163
4431
11421
5718
2774
7692
11832
15218
1472
2894
13183
9781
15459
10425
10384
15834
8682
15669
1284
4174
6217
3219
15527
2762
8756
13161
7063
12399
14389
4443
406
8445
11266
13681
14317
5766
9914
4052
2197
10750
11681
5790
5122
13673
10009
3703
7866
10545
4292
9097
6780
14312
5852
10028
7268
16325
243
9871
16267
7210
2470
14422
6740
14837
2771
6511
107
9162
902
12918
2366
1748
15432
3969
13597
10634
14670
4483
12315
15002
10788
7075
4091
1402
7216
13565
12316
15005
10869
14200
8992
10657
7265
13484
5428
14407
8666
3667
6094
3569
13816
3625
1004
3581
4304
3704
12087
8486
31
15310
5580
7133
14036
8591
192
3793
9755
7626
4111
14008
10660
9847
14699
10839
10639
851
14656
16150
11340
9559
5815
4321
4964
14776
14666
16156
15502
8097
11329
10775
934
10618
4969
2446
6353
13990
10233
13045
7153
9764
9433
4351
12754
14054
7727
10761
12360
3485
8633
5535
7610
2651
8850
5812
7200
8693
8968
7536
10845
7402
11207
16076
10781
5315
11143
16237
10412
14507
5946
976
9673
6935
2949
8047
2366
10037
2212
7246
1115
14981
1473
8223
13268
11642
16049
15770
6037
11882
6896
13274
6609
4088
1390
11332
11138
4733
6737
13179
4469
5766
7184
13626
8998
6873
11843
5093
15564
8630
3743
3518
7758
8626
11293
11757
10844
10518
13667
13459
2225
14157
9757
10221
12813
7211
94
430
4320
12060
8883
14856
15771
6373
8054
6455
13627
3236
6102
16275
12693
5365
8939
2734
3669
14282
6086
16259
5065
1850
12580
6497
11273
5526
3812
1497
3006
14873
13438
4669
1966
6163
14446
2751
7820
14927
11169
6512
12822
11691
15402
3835
12040
294
4296
8729
914
7215
15442
12102
6517
988
13807
4877
6435
636
13753
8053
6491
13304
3792
9244
5356
4019
1531
12087
1427
5153
10505
965
2084
4987
9406
12531
13917
15684
15338
5896
1657
12612
3022
13854
10044
11660
11287
4551
15690
2679
11110
5814
3687
587
976
15872
5137
9004
6566
12013
13199
13467
10745
1291
9031
13512
14641
5551
4487
7571
5878
14952
8698
13941
12529
7279
12915
9056
10245
1179
526
5505
6264
15314
8104
2991
12245
1891
13984
10699
1757
7978
7721
2623
14382
8665
10725
13966
11981
14138
9964
9344
5777
3942
4384
3659
8541
11516
3419
6960
14999
8803
3275
11248
15111
315
859
4917
5560
12164
14993
7594
15250
430
15810
3203
2574
12338
1032
9011
13252
15831
10103
1053
7869
9953
12146
10453
5816
1893
10020
5708
2318
6355
2781
3450
3324
7457
11450
2610
5488
1197
323
1764
14473
15038
13031
5959
7966
11906
8374
16021
3407
12867
5315
13579
4401
11837
16148
8503
15703
603
2487
116
9294
6978
8800
15427
3993
6653
16105
12842
5438
3250
7333
6814
14194
9897
11883
2026
525
5078
5278
4773
12990
9061
6708
13316
12771
8248
8385
9978
2838
16220
12186
1449
5487
3190
6746
7548
8367
3970
9202
10531
4929
15468
7471
6665
6637
14016
4189
4298
10920
1413
11904
10662
5237
12767
3510
3842
13163
12342
8508
13662
8161
3122
11428
1777
9736
13787
4986
1816
16216
11403
14092
10536
2513
6658
2258
7344
13839
16301
7287
115
9129
4332
5508
12783
10842
1143
7379
10823
1411
11182
8557
1286
8671
4082
4554
464
11796
57
11380
2079
5034
7131
12927
9829
4033
14664
6219
15273
9717
12902
10814
14000
3682
6641
14273
5155
16293
10294
11625
10245
4311
1860
12438
4980
3368
12093
13228
12994
11859
8600
9081
2969
16006
12520
4596
3278
8243
11869
10891
619
6875
5301
9171
4817
15916
12354
6316
12364
1363
6039
7560
11496
9975
2437
9092
3861
6395
11656
15372
15666
1764
13207
4017
8992
12093
6734
10981
10828
4506
9449
6488
13769
8743
7791
3355
11730
16038
6737
7361
5719
12156
2514
4571
190
14338
7852
3606
1152
6038
12600
16081
13776
3436
11202
8476
11146
4769
14139
823
10486
7418
8797
11867
13935
12694
10293
11116
6501
1272
7515
5175
3075
7215
1420
11998
11406
12563
10416
4485
2481
3656
1966
4645
14581
11646
14212
9142
14250
7405
4757
12753
12824
10502
10110
5678
562
5947
6467
15798
6643
749
3221
6729
3669
9490
7523
5705
15004
12726
7306
7332
3562
15195
6732
11917
397
4272
12711
4394
100
878
8825
7422
10812
15105
6678
9049
12823
1190
9787
10058
6556
6381
3387
7259
11635
9212
13656
7059
7936
2125
7913
1320
13312
13601
9093
14655
4565
1688
4156
10116
5804
6179
999
9634
7516
15129
886
9022
8951
15749
9614
3644
91
13136
11099
259
202
1675
7808
5052
15884
3335
5388
7299
7498
568
15968
3299
12639
988
12389
4580
15013
7899
6627
5463
10021
8332
10164
609
10528
2851
3099
6477
4571
5746
4426
3707
9530
324
9435
10867
13293
15685
14025
15369
7896
11071
10809
13934
4802
7617
7367
8705
208
1648
1910
14105
12076
8239
8489
9078
423
13376
12262
8884
15241
14043
11146
923
11550
6132
917
12715
11369
10778
15995
1664
10245
9287
12326
911
4499
6112
897
13476
6689
8395
14514
7300
3993
11183
3568
2916
5558
15439
7684
4072
10130
437
9214
3074
4816
14050
5289
7969
3629
10250
2625
7371
537
11232
3261
7194
3927
8176
11351
13329
6191
14331
5147
10515
2278
7748
15780
1074
10252
10410
2890
1563
4947
1521
9745
11066
1796
10448
6998
382
13943
11359
12983
1743
4921
11246
1902
1717
15409
12379
7387
38
5584
3504
8496
1895
9772
10822
1734
500
5122
11477
12348
12644
13999
14327
6828
15138
780
15793
12578
6727
734
10156
11071
4192
10318
2070
1157
13858
5571
12465
15394
15365
1067
14998
5517
12489
8106
15086
7448
1208
5441
3743
1193
13880
14628
6530
5044
8264
12721
4149
6659
1259
11882
3788
1274
4763
866
6332
6922
11209
3450
15801
1310
3399
9803
6967
2883
1486
5272
3193
7181
8576
2700
4620
632
12066
8627
14674
10534
2924
8288
7452
313
11216
9591
3998
4455
12850
9123
5756
8816
15650
2383
9047
5979
2176
6417
4360
9476
178
3812
9468
4336
13584
9345
4446
1861
11477
13031
6519
12841
237
3808
13647
9349
187
13168
13028
9006
2065
1564
1352
5250
3109
14355
14727
10317
1167
2690
12589
12803
16087
15017
13949
905
16192
11347
14314
7874
2853
8397
15497
5537
596
4423
8515
2155
4690
1724
6904
13264
6947
2096
5001
1705
15038
4056
13263
3840
8410
9974
10667
10362
4624
16257
4058
3595
12292
13864
8929
9008
8236
6406
10589
10380
568
1044
2889
3842
7612
11542
16296
1043
11749
14502
4081
9652
1101
2714
10614
819
5320
395
10881
196
5504
5240
14228
7633
1285
4166
10001
1074
7518
5303
3547
1639
15058
7352
10839
6278
14146
3445
13493
1636
10570
3872
3728
15425
2122
8463
6351
10782
5698
12328
1735
1127
12671
6767
12151
12898
10429
2334
14005
6201
8426
13846
6863
13379
8624
19
3094
8858
8497
5088
16185
4533
8299
456
15971
12898
13229
13112
13047
9384
8148
4404
7822
796
11681
4335
15224
9962
2245
1573
5174
2468
644
10313
990
7756
10208
10496
9914
8424
7049
1420
16109
3522
14430
4173
7482
4356
2770
16232
9628
10658
14929
4674
4142
7184
6145
10129
15717
12635
10370
145
3558
11648
3865
7427
16282
10354
13821
13129
1406
5193
10293
8602
7559
3248
8924
9320
4456
95
1560
2694
13979
10156
3313
2629
15474
2258
1879
571
3518
8437
15310
9160
12583
8971
5844
3557
6715
2071
15812
9666
8520
13156
326
7281
2991
6531
10838
12880
8383
10293
13927
805
7543
14980
14777
11713
4777
992
14414
14931
829
4724
15514
10466
8577
12488
13408
9758
8048
3641
12468
9420
7076
4756
13995
5696
12927
6296
4061
11987
2825
11265
13816
8957
5956
12364
2559
10481
2753
11721
8331
4582
9311
855
7308
15746
6232
6156
4010
9227
13229
3420
15127
10935
1808
1747
10638
16324
13323
13768
15156
10900
10833
11154
3040
15400
14311
13860
6490
2298
9565
5464
3442
2018
8136
12630
5821
7924
1031
10790
6577
15514
2027
10698
4317
6292
9876
2229
10320
411
15082
5323
8508
10613
13190
8526
9335
10274
11547
12461
7951
15454
5731
5296
2589
3519
11106
10673
16141
7260
7302
7765
9429
2916
11705
12138
4549
12948
6313
12705
13031
1201
2039
7049
6010
13758
8810
3150
4949
7030
9393
2709
5018
12638
7226
12830
14982
12369
3990
8626
14921
6285
3929
2697
15016
2630
14951
2904
9583
6574
9632
12658
13836
12413
3719
6741
3437
12716
318
5612
6328
9869
6263
3237
9177
7960
8982
2897
3480
12336
14073
9557
14243
6521
3266
8428
5515
14285
6706
13852
14099
6601
4452
15690
3356
7042
13949
6739
12164
350
5349
9748
3350
1164
12174
14023
2795
8989
10355
14785
3946
15242
1084
5518
687
11097
12361
8699
4438
3192
13262
8828
7315
13669
15883
5255
4215
6466
7602
15019
12145
5061
8884
10968
8499
3577
5446
7466
8033
9173
9161
11173
12333
9559
15848
13700
3711
13003
954
7786
12845
8248
3199
4088
9878
15881
6340
10645
1765
12055
12394
315
9754
16005
11200
6801
5001
12966
11739
7306
13174
11241
3364
8506
5000
453
13175
11606
7335
2011
15448
7828
14915
4791
8681
805
1447
7899
11473
3613
2888
6377
11191
2427
13484
12240
5203
1444
3400
14912
12972
13495
7738
12134
8670
6239
9912
7789
11136
4609
7714
12158
11991
5974
9553
12120
6837
9012
7627
11415
8751
6147
9491
8345
7561
6895
318
13555
14756
14140
3526
14106
2193
1545
59
13814
15030
13358
9927
8662
7773
4293
11066
7927
5024
633
679
3972
3930
15160
5412
11951
6361
4494
15410
1454
3605
1858
1892
15599
7356
5611
15011
15589
14174
15881
501
14974
3080
8964
6689
6226
8567
1436
4107
7154
11101
7529
191
7523
4630
9250
12290
15355
7518
11114
3832
15067
13742
922
15941
13756
1299
5312
1624
9341
14053
7431
873
11324
13268
9051
6948
8827
5228
1251
1257
11196
12670
8689
11606
11260
7659
3428
12955
7630
550
11275
9478
13254
15051
4667
8960
5591
15565
9189
4184
9125
13642
10850
11074
7573
12781
11973
13494
15764
11131
13395
4012
14715
4193
946
5282
14504
12216
813
1217
14894
16347
16065
9549
7872
8682
8432
8368
7775
15241
14995
6319
7327
9141
8879
7506
9149
9800
2148
2091
3481
3542
5952
11843
4601
11198
11995
13186
11291
10721
11396
3205
13119
3033
3772
6968
6975
7877
7072
9279
7045
8642
13329
816
2838
15415
9227
8882
12108
7605
12278
2217
2038
10897
6354
6674
6124
12053
7510
348
4924
15963
3096
5095
7705
11488
654
68
4149
4863
2019
3236
12755
7711
15606
3921
14374
2773
10300
60
15691
5847
13374
13637
5389
10238
1303
14888
1887
10387
6432
13377
5709
15148
10850
7250
11949
4927
15615
8726
5305
15892
4564
5380
10235
15983
4527
12939
5963
15846
4646
1433
14182
2804
1048
8842
13066
5528
9393
8318
7123
5996
15358
5349
2894
5278
14348
4170
11239
14266
6952
3049
9003
15611
4201
3910
13547
14420
327
2464
1512
3343
3718
12772
11836
13643
14844
15882
12592
7470
4505
8489
16113
3566
345
12112
2017
11263
10056
12403
12203
13532
12896
3088
11587
4915
6258
14536
5591
10219
15773
506
1165
4410
2892
896
11935
15731
9989
9367
11779
15284
8642
9965
3058
14798
8393
87
8883
557
9276
10649
15982
11235
7071
11556
6915
365
12561
2049
8182
8959
4739
7911
1779
7325
11489
15298
11317
14776
12160
12900
2725
5953
4486
3028
12731
12017
7037
4243
632
13057
1677
1553
15486
15269
3625
14970
11814
8031
10963
11512
5783
2525
2258
12488
7760
9802
6184
14357
4076
11927
14173
2669
9477
713
6915
518
13823
7896
1810
9660
5362
13118
10996
11735
6702
15189
11381
11720
9246
9635
345
5789
14611
7926
14287
13072
5826
12033
1592
5216
15342
11551
1062
7622
11374
5549
15508
15030
5432
13021
13014
10706
5542
3746
9028
6926
1725
15486
16363
1228
10347
1746
1351
9290
14841
6134
5219
14459
12722
7947
7326
6397
1358
16269
14508
10421
6186
2099
12417
5496
6983
13822
12219
15619
10224
11303
13922
8674
12253
14383
8810
9149
2284
827
6526
16220
12643
8154
7576
6805
377
1652
3721
9551
13880
14766
4023
698
10374
5810
8363
10464
15255
6137
8672
7044
14673
1893
12668
12766
8873
11583
2398
6748
8964
12294
2834
13219
1487
6649
7735
2405
7409
2094
4064
10449
7869
11086
11392
7257
8924
13827
12749
15853
2945
6071
12597
13660
4225
5352
1140
2729
16226
11037
5695
13904
10846
5424
10258
10964
7967
13809
2259
10079
14725
1771
15305
15323
3600
6767
4749
13710
3593
10506
13383
3921
8379
5077
5934
8399
12724
14
1269
14484
6014
11919
10868
13222
7832
12066
11225
11261
1047
14201
6985
6635
786
432
12970
9814
4069
15885
5482
16288
7308
4385
14918
7388
13679
7091
12500
7337
2399
1266
12181
16341
5734
10126
10008
11065
1124
2117
2536
13479
14930
6107
9579
2202
6491
520
12472
14686
14251
3708
15564
3867
14132
11367
7895
16095
12330
7587
1415
917
13379
12881
11536
7850
9469
12142
9187
3445
9084
257
3468
12732
3051
13655
14810
822
4239
13042
15999
16383
1448
3643
7779
7685
8874
8908
215
2362
16262
13811
10913
12886
12741
1536
6482
6605
12145
14062
10684
5157
7977
10476
14270
16318
2306
887
8827
5723
2528
15808
14949
1332
6394
11951
3793
12461
16009
67
8253
15193
9879
14763
6613
5643
858
15760
7662
7679
49
13924
10212
10094
11280
11418
12952
4103
11581
7155
11862
8136
2971
9760
4997
9181
7911
4088
14941
810
9573
2270
15739
16191
517
13515
15554
13794
215
2551
3532
4713
5078
11900
13494
10586
3892
130
6728
16261
15930
10519
13277
1312
13955
14645
9215
5119
4672
12266
11451
11499
14948
14900
15634
8968
14381
13783
7406
9717
5207
3168
9561
7899
1534
5813
16268
1091
2731
4764
15269
16237
9288
10674
3062
11251
12504
4317
255
1472
6105
16110
14650
15047
13935
8210
10182
12159
15718
6735
7579
8739
3952
6413
7897
14235
9602
3253
14452
10932
11724
16140
15141
11267
11022
14779
508
15097
13290
164
14563
14262
12475
14136
3967
672
9302
5912
12127
4079
2274
6743
13469
7317
14802
4570
4760
691
5617
4092
14661
12252
11688
6208
12025
7407
2989
1486
13175
3072
13479
335
14326
16179
10353
12924
7054
7774
10429
11629
3405
2596
11791
14615
13017
15766
3539
8216
11222
16187
6928
15651
14061
1042
6890
14113
15599
1727
8852
13708
6456
12670
7061
13267
14162
5136
5043
5821
11213
7359
10807
388
15604
1022
1117
763
16267
102
10616
715
16315
7975
6276
7562
1309
13740
6748
10989
8431
1038
3692
6991
16272
7039
4789
6144
15583
15653
14151
11045
4090
12384
9620
12065
3070
5690
7256
2427
4871
6539
13661
16337
16353
4450
13651
14136
3231
13116
7756
25
15294
5787
12970
5840
11639
8392
6343
1682
15669
1391
8542
9013
4713
2937
14286
11998
10970
8296
9966
1487
8055
5517
13594
836
6652
2863
3497
11279
14007
10624
14969
3111
5791
14114
12708
4741
10057
8981
14827
15799
11765
8641
14755
16227
12926
8011
1454
12288
15645
6000
3858
6130
6895
2192
9116
5682
6959
171
6345
7689
10178
5765
12281
7870
16022
10944
3832
8955
13741
9019
6435
1225
5023
9295
119
10286
16248
2069
7620
46
6008
3937
11097
1882
11427
7755
11223
6463
6399
10385
10519
12261
8074
2021
569
11010
7021
14307
13925
5553
9694
4692
15387
5408
9551
8786
9172
9510
3763
10106
16053
6012
16252
3732
5812
16018
2427
15875
773
176
14169
10986
13002
2638
15783
12300
959
10
14307
9445
15557
5347
2678
9702
7839
12559
12702
6230
6159
3263
10101
1787
5632
3077
10191
11697
11752
12593
6907
5576
6948
289
10987
16002
16091
10859
13364
15587
8062
6057
7661
13436
5944
7990
12999
12070
1035
4626
16355
3734
11730
1740
11069
10570
5145
512
12273
2298
11198
9136
5326
11003
13694
2891
15195
12686
270
4158
16041
5362
1890
44
11963
6263
10487
14659
6100
8625
1871
1
11926
11572
7604
3204
14698
11188
13807
10033
9213
6568
5473
5421
3994
11375
8226
5376
4023
13948
15029
9912
15375
2693
13090
1536
7351
4246
7263
7187
8696
7316
15339
1671
16325
2393
8779
4938
3382
13298
1185
74
7734
12686
6812
2439
6139
6737
1193
66
7742
6189
13119
574
10693
7199
11193
7779
16091
9045
9185
8489
5239
10476
2626
8481
5247
7656
7516
7728
11118
9756
3843
9312
4414
4888
5036
4452
15057
4926
4053
9786
12287
12997
11968
1985
12911
15761
8240
640
14126
10523
13598
31
13745
5510
562
8322
5420
268
7433
13320
10973
4460
15959
1510
16310
16009
11411
10755
13224
2718
1156
2049
4522
1013
4591
5924
3727
7210
1061
2208
4363
5441
1883
459
16276
13577
14079
15458
7423
4058
3830
1713
3464
6453
6210
1552
3369
14853
15145
4106
6963
315
5634
2128
873
8715
8999
11104
7326
907
16302
8379
16191
11574
14390
3590
3347
5724
8248
70
851
5785
921
1385
1660
804
106
8212
8961
993
5857
8401
7487
2913
7674
2980
5118
5367
5308
5170
567
12623
452
13408
8805
3918
3845
9026
13639
4161
9504
4228
1665
11840
11787
11909
4990
9809
11647
6224
15661
14959
6414
1134
4645
14248
14336
8330
14017
13618
5715
8353
14058
9737
130
6152
3651
9363
2034
6802
12653
9927
13303
9309
6043
13240
4408
12578
5704
2443
153
2464
11978
1263
9839
3777
10667
898
2081
280
9842
3814
11366
3196
14281
16098
15021
13190
2863
3468
333
232
9482
3889
2884
2128
11698
15203
14242
10770
4080
3168
528
260
9446
14386
13555
13654
11147
11514
8153
6312
6001
7443
13121
10561
1442
599
12304
8213
3318
8888
3306
1268
10263
9299
4
4097
15586
1212
10990
12526
4017
11766
12126
3353
9743
575
8905
8912
2083
13861
1229
4804
14391
3461
11635
15430
5813
8870
5184
585
10426
6406
14832
14825
3607
14518
13751
790
6115
4901
12161
10373
561
5770
15106
14344
4796
7762
8950
12538
6734
6368
8266
9024
2548
4152
11420
11160
5751
6397
7855
4133
11818
5704
3794
7824
516
3370
184
1496
6476
8319
14565
10732
13688
11288
8608
9408
14420
333
6615
2453
13870
15132
7035
5705
1523
9483
11319
2142
5184
1394
3333
10566
13656
14308
16088
14800
9678
470
2240
11395
12445
13120
14972
7701
5610
4508
10108
8970
11814
2018
5814
13684
9226
8231
4626
12465
8655
14474
10718
10397
14819
14372
10257
2738
7116
8329
12765
4639
11626
7501
13767
1504
4275
10275
6190
12430
482
4769
45
2701
15329
3577
15860
7125
10937
4313
724
2164
14616
3969
16268
5932
8627
13083
16107
11331
3692
1777
5432
6569
10336
2568
5952
6992
10905
11094
14495
14940
2965
11084
14340
13332
1501
2578
6619
5450
2725
1005
11259
8883
12562
10822
270
2840
8401
1360
8266
9308
3989
12469
7165
13789
7700
12688
5336
4302
15111
1141
12093
9515
6673
16193
12276
2724
1260
13552
4385
277
10948
9222
9697
13703
7766
7885
15132
16334
5151
3277
10574
14632
4857
13830
5079
995
1564
9947
15575
7184
14595
11470
521
5637
14480
4323
10946
6826
13375
15130
5597
14843
5998
15123
12720
472
12109
4330
15917
10785
5382
12263
16127
1054
760
14834
833
4619
3292
10792
10417
2425
6062
1532
16207
12285
12586
764
2253
10501
14290
11560
6043
1745
5162
16050
15358
4454
10565
10492
9728
1832
14678
464
3796
10068
6442
15687
13243
15319
1449
15621
15185
4817
11439
402
3950
11846
299
3327
15804
12392
13968
14805
1155
1346
12476
11332
14422
12487
1337
12987
4077
16061
2883
5850
8924
10829
8115
2085
13683
13490
800
16182
7647
8649
2255
15068
3682
9251
6605
12499
13564
16041
839
2989
16147
8095
8817
10607
15813
14224
2686
4625
9903
3310
65
4286
15167
11200
16176
14749
8242
739
15192
10988
14734
3034
12897
8016
1791
8062
9925
14320
16090
3214
13621
588
7139
14642
9729
7469
5053
10385
158
8092
1188
10784
8605
14800
6584
11636
9929
9247
16167
13695
16066
10383
10751
7475
5774
13632
11896
252
642
4954
8013
3733
7525
6495
6146
1168
8069
11484
2397
13527
12226
6119
5818
14255
11450
8113
16372
638
6507
9354
9687
14661
3168
8493
14171
6678
12890
14141
56
3078
6683
14807
13141
15023
11442
14954
3439
7147
3574
2654
14495
12645
10104
2531
16102
13016
9298
6081
10223
5244
8621
5071
324
4210
1853
15100
13005
7096
3319
9657
14130
12153
14390
13685
8125
14024
8583
10800
14523
10637
8422
10763
16291
13646
8128
16169
12288
8300
5894
14813
16265
3356
14966
3974
175
10135
4349
13966
7006
10699
7841
213
4092
8080
14560
1969
3771
12778
10331
1947
137
12736
5163
16284
4058
5399
12540
6259
8033
7911
15116
6635
13693
12208
2651
15876
14614
2143
10456
3590
3895
10729
10165
3943
2880
10376
1835
6623
11575
4655
15756
9853
8794
15931
4504
12152
14223
2199
10036
4314
5373
14133
10644
5171
5686
11153
6854
13875
8208
2449
866
16189
5815
4905
6618
13254
9701
1982
3405
8599
7083
7733
5318
11628
15183
4814
6292
1582
5231
2773
15481
1711
1221
2644
9249
5087
6767
1864
10557
15592
16002
7526
13075
7845
3961
4702
15403
12690
13304
15721
6173
4386
14122
15893
10142
7970
14850
12309
1667
16173
14200
9475
5013
11739
2299
13435
749
6747
10007
13676
1018
2221
11661
10138
4956
1064
426
5854
6630
1146
184
5772
2594
6043
9678
1763
6733
11190
12148
9199
16193
10044
5863
13770
10596
6929
8147
2535
12556
259
3361
15662
15417
9575
3332
6474
1072
3951
15779
10851
14105
6389
12438
15264
9946
5574
15915
10731
13457
604
10815
15985
5577
608
595
5626
991
13026
4178
9592
1094
14131
2811
9968
1998
15965
7405
3225
11687
15403
1978
11185
2703
13637
6133
8927
11019
8257
8805
10543
15204
10473
8237
8583
12386
1711
11061
11462
15651
13214
15194
3927
7858
1019
3430
2709
7024
14026
15886
16292
1009
9856
14016
5041
13465
12240
4992
6881
8424
7971
5844
15538
1723
7660
8636
12854
2111
11044
13427
7701
9244
10731
5563
7386
11845
2242
11402
2573
4047
10454
2056
10777
10688
1594
15375
2238
2919
15707
7557
5293
6004
5265
8943
5726
5511
12272
3886
11583
14035
11376
3506
5905
15154
15605
1361
1940
10384
1383
6138
6516
13936
9151
6683
7946
12302
3663
15264
13614
6698
10391
4403
5110
12014
8342
2102
1614
1213
15070
8710
7174
2197
13858
10542
12380
9423
7077
893
378
5609
13106
3224
5610
377
7861
1645
14445
15858
6308
4213
13603
7943
14780
4257
5179
6740
171
5553
12685
16354
7769
14148
9509
11082
1196
3351
10539
10052
6750
13123
14297
11518
6232
12812
1706
4666
7580
3656
878
12316
3936
2639
7112
10426
10079
13451
4803
8625
7491
4662
945
12483
13692
9896
11150
14775
8476
4488
2339
1325
6495
8530
12640
5580
8210
13169
10521
3509
14310
4075
10857
3781
8762
4205
2565
11945
13774
3523
7665
6844
4484
3400
1648
5890
13181
9444
9353
14666
1253
9932
1941
6742
15595
11122
10192
14867
485
14152
5649
3026
14827
11890
11807
6493
6153
8531
8199
107
13197
14467
2947
8633
14914
15747
6663
12349
12219
9397
11398
1724
15936
8650
1614
11380
11193
8375
5047
14108
857
8933
5792
10081
8073
2808
2672
2949
8376
3834
5689
6092
3062
7815
7347
7494
8411
11745
13602
13527
2965
7908
7788
4559
9028
14977
2058
8898
3931
10580
9237
6737
3460
10551
1806
14666
15413
6714
2686
13370
12196
10963
1258
15022
7701
14362
13659
16169
13505
3736
1392
11489
10103
13524
5830
9757
6226
5876
5410
9721
5791
1340
12660
431
6290
10997
10531
6648
5727
1532
10222
987
11979
3350
8198
11922
13991
14543
14442
6086
8253
14351
1131
11207
6958
5446
13452
6944
3197
16084
688
11548
14190
14598
14755
12069
11186
5174
4257
2294
7851
15352
9656
15402
4996
6072
9059
15089
5432
12395
6603
89
13142
15518
2117
4567
13802
4281
3833
5779
3252
4143
2568
15412
3898
10716
2438
1531
6152
2318
8864
11997
1359
9129
11128
9989
12460
7614
13840
14957
11755
2829
11095
3695
7255
4904
272
4254
1398
15829
6193
11110
1369
5489
3201
16342
13091
2944
8661
4738
7561
6462
206
13209
11251
4944
14004
14130
12862
328
1092
6444
13415
15007
541
12529
8966
8783
3666
15550
681
3153
16005
3177
2842
4477
15712
3980
10933
9293
7375
1262
4588
9537
12355
4440
13035
7165
4932
11981
4257
13281
8310
7679
3905
9815
6811
10002
309
13069
8346
7443
7893
14275
16250
15715
15624
8835
8936
8461
11176
16220
13384
15250
3657
11976
13476
15230
9810
12966
3900
230
5701
5065
2469
1663
15966
10922
8638
8954
475
2785
10688
5057
3472
13727
9611
3324
8978
11667
6282
12797
9383
7336
5462
15393
12811
12041
6672
13159
13758
3505
7589
10725
11109
11856
11472
10825
3095
8175
2978
15703
1252
3830
2360
16333
7842
3418
13359
730
1960
2003
29
14056
7662
3606
6747
16080
12945
9366
10455
10129
4663
15227
2161
12990
15427
14391
340
15259
2106
8566
5099
10532
3394
11879
5892
11723
14651
4215
9085
10463
3725
7334
15092
3782
4652
10237
9813
6637
8890
5884
12293
4029
1332
12517
11048
5264
9267
14003
4170
12274
957
13932
14276
16308
8018
6202
14556
15411
5384
16263
12934
16216
2532
14606
4809
7959
4102
14985
1425
2127
743
3758
9577
10423
6917
12682
15499
6302
9278
380
15836
1726
1290
7931
7400
8671
15376
5624
11080
5759
4137
3032
3655
13168
14880
7538
9154
7925
5657
3560
4091
7549
5607
12612
14814
6438
355
12095
11610
16293
223
10511
9680
14127
776
11604
12851
8396
1176
9342
10401
14942
1871
10515
11126
13150
14954
12425
14781
5176
8737
6070
8694
6875
15204
5105
11399
6058
256
13463
1772
15809
3334
12711
3793
13820
14178
757
13493
12717
8697
3017
7069
271
641
7279
14565
12093
12504
10765
6835
3435
1089
6831
15682
10906
4210
6824
10774
15822
9451
14853
7823
